Truth Predicate,Truth Object,Generated Predicate,Generated Object,Predicate Fuzzy Ratio,Predicate Jaro-Winkler,Object Fuzzy Ratio,Object Jaro-Winkler,Predicate Cosine Similarity,Object Cosine Similarity
instance of,person,has_name,name,32,0.537878787878788,20,0.47222222222222215,0.0,0.0
instance of,person,has_name,quamina gladstone,32,0.537878787878788,26,0.40849673202614384,0.0,0.0
instance of,person,has_surname,surname,27,0.49242424242424243,31,0.5396825396825397,0.0,0.0
instance of,person,has_surname,gladstone,27,0.49242424242424243,40,0.611111111111111,0.0,0.0
instance of,person,has_first_name,first_name,40,0.5692640692640693,38,0.6,0.0,0.0
instance of,person,has_first_name,quamina,40,0.5692640692640693,15,0.4365079365079365,0.0,0.0
instance of,person,has_interagent_relationship_type_to,relationship_type,30,0.5269480519480519,26,0.5758169934640524,0.0,0.0
instance of,person,has_interagent_relationship_type_to,enslaver,30,0.5269480519480519,29,0.5277777777777778,0.0,0.0
instance of,person,is_relationship_to,agent,34,0.5798460798460798,36,0.5777777777777778,0.0,0.0
instance of,person,is_relationship_to,sir john gladstone,34,0.5798460798460798,33,0.5462962962962963,0.0,0.0
instance of,person,has_sex,sex_type,22,0.45598845598845594,29,0.3611111111111111,0.0,0.0
instance of,person,has_sex,male,22,0.45598845598845594,20,0.47222222222222215,0.0,0.0
instance of,person,has_occupation,occupation,24,0.38311688311688313,38,0.48888888888888893,0.0,0.0
instance of,person,has_occupation,carpenter,24,0.38311688311688313,40,0.6203703703703703,0.0,0.0
instance of,person,has_age,age,33,0.45598845598845594,22,0.5,0.0,0.0
instance of,person,has_age,1778,33,0.45598845598845594,0,0.0,0.0,0.0
instance of,person,has_birthdate,date_of_birth,33,0.5463869463869464,21,0.49572649572649574,0.0,0.0
instance of,person,has_birthdate,1778,33,0.5463869463869464,0,0.0,0.0,0.0
instance of,person,has_deathdate,date_of_death,33,0.39044289044289043,21,0.49572649572649574,0.0,0.0
instance of,person,has_deathdate,1823,33,0.39044289044289043,0,0.0,0.0,0.0
instance of,person,has_person_status,enslaved person,29,0.449554367201426,57,0.45555555555555555,0.0,0.5797386715376658
instance of,person,has_status_generating_event,event,26,0.4799102132435466,36,0.5777777777777778,0.0,0.0
instance of,person,has_status_generating_event,sale of estate of sir john gladstone,26,0.4799102132435466,24,0.4166666666666667,0.0,0.0
instance of,person,recorded_at,event,18,0.4545454545454546,36,0.5777777777777778,0.0,0.0
instance of,person,recorded_at,sale of estate of sir john gladstone,18,0.4545454545454546,24,0.4166666666666667,0.0,0.0
instance of,person,has_race_or_color,race_or_color,36,0.5162210338680927,32,0.46581196581196577,0.0,0.0
instance of,person,has_race_or_color,african,36,0.5162210338680927,31,0.5396825396825397,0.0,0.0
instance of,person,on the given,"text, the ontology for quamina gladstone is as follows: name record module: 1. has_name(agent, name): has_name(quamina gladstone, 'quamina gladstone') 2. has_surname(agent, surname): has_surname(quamina gladstone, 'gladstone') 3. has_first_name(agent, first_name): has_first_name(quamina gladstone, 'quamina').interagent relationship record module: 1. has_interagent_relationship_type_to(agent, relationship_type): has_interagent_relationship_type_to(quamina gladstone, 'enslaver') 2. is_relationship_to(agent, agent): is_relationship_to(quamina gladstone, 'sir john gladstone'). sex record module: 1. has_sex(agent, sex_type): has_sex(quamina gladstone, 'male'). occupation record module: 1. has_occupation(agent, occupation): has_occupation(quamina gladstone, 'carpenter'). age record module: 1. has_age(agent, age): has_age(quamina gladstone, 1778) 2. has_birthdate(agent, date_of_birth): has_birthdate(quamina gladstone, '1778') 3. has_deathdate(agent, date_of_death): has_deathdate(quamina gladstone, '1823'). person status record module: 1. has_person_status (agent, person_status): has_person_status(quamina gladstone, 'enslaved person') 2. has_status_generating_event(person_status, event): has_status_generating_event(enslaved person, 'sale of estate of sir john gladstone') 3. recorded_at(person_status_information, event): recorded_at(enslaved person, 'sale of estate of sir john gladstone'). race record module: has_race_or_color(agent, race_or_color): has_race_or_color(quamina gladstone, african).  note: the race is not specified in the text, so it is mentioned as african. the birth and death dates are mentioned in parenthesis after the agent name. for example: quamina gladstone (1778 – 1823), was a slave who was killed by british soldiers. here the birth date is 1778 and death date is 1823.  if you don't know the answer, just say that you don't know, don't try to make up an answer.  please let me know if you have any questions or need further clarification.  thank you for your help.  i appreciate it.  have a great day.  good luck with your project.  please let me know if you have any questions or need further clarification.  thank you for your help.  i appreciate it.  have a great day.  good luck with your project.  please let me know if you have any questions or need further clarification.  thank you for your help.  i appreciate it.  have a great day.  good luck with your project.  please let me know if you have any questions or need further clarification.  thank you for your help.  i appreciate it.  have a great day.  good luck with your project.  please let me know if you have any questions or need further clarification.  thank you for your help.  i appreciate it.  have a great day.  good luck with your project.  please let me know if you have any questions or need further clarification.  thank you for your help.  i appreciate it.  have a great day.  good luck with your project.  please let me know if you have any questions or need further clarification.  thank you for your help.  i appreciate it.  have a great day.  good luck with your project.  please let me know if you have any questions or need further clarification.  thank you for your help.  i appreciate it.  have a great day.  good luck with your project.  please let me know if you have any questions or need further clarification.  thank you for your help.  i appreciate it.  have a great day.  good luck with your project.  please let me know if you have any questions or need further clarification.  thank you for your help.  i appreciate it.  have a great day.  good luck with your project.  please let me know if you have any questions or need further clarification.  thank you for your help.  i appreciate it.  have a great day.  good luck with your project.  please let me know if you have any questions or need further clarification.  thank you for your help.  i appreciate it.  have a great day.  good luck with your project.  please let me know if you have any questions or need further clarification.  thank you for your help.  i appreciate it.  have a great day.  good luck with your project.  please let me know if you have any questions or need further clarification.  thank you for your help.  i appreciate it.  have a great day.  good luck with your project.  please let me know if you have any questions or need further clarification.  thank you for your help.  i appreciate it.  have a great day.  good luck with your project.  please let me know if you have any questions or need further clarification.  thank you for your help.  i appreciate it.  have a great day.  good luck with your project.  please let me know if you have any questions or need further clarification.  thank you for your help.  i appreciate it.  have a great day.  good luck with your project.  please let me know if you have any questions or need further clarification.  thank you for your help.  i appreciate it.  have a great day.  good luck with your project.  please let me know if you have any questions or need further clarification.  thank you for your help.  i appreciate it.  have a great day.  good luck with your project.  please let me know if you have any questions or need further clarification.  thank you for your help.  i appreciate it.  have a great day.  good luck with your project.  please let me know if you have any questions or need further clarification.  thank you for your help.  i appreciate it.  have a great day.  good luck with your project.  please let me know if you have any questions or need further clarification.  thank you for your help.  i appreciate it.  have a great day.  good luck with your project.  please let me know if you have any questions or need further clarification.  thank you for your help.  i appreciate it.  have a great day.  good luck with your project.  please let me know if you have any questions or need further clarification.  thank you for your help.  i appreciate it.  have a great day.  good luck with your project.  please let me know if you have any questions or need further clarification.  thank you for your help.  i appreciate it.  have a great day.  good luck with your project.  please let me know if you have any questions or need further clarification.  thank you for your help.  i appreciate it.  have a great day.  good luck with your project.  please let me know if you have any questions or need further clarification.  thank you for your help.  i appreciate it.  have a great day.  good luck with your project.  please let me know if you have any questions or need further clarification.  thank you for your help.  i appreciate it.  have a great day.  good luck with your project.  please let me know if you have any questions or need further clarification.  thank you for your help.  i appreciate it.  have a great day.  good luck with your project.  please let me know if you have any questions or need further clarification.  thank you for your help.  i appreciate it.  have a great day.  good luck with your project.  please let me know if you have any questions or need further clarification.  thank you for your help.  i appreciate it.  have a great day.  good luck with your project.  please let me know if you have any questions or need further clarification.  thank you for your help.  i appreciate it.  have a great day.  good luck with your project.  please let me know if you have any questions or need further clarification.  thank you for your help.  i appreciate it.  have a great day.  good luck with your project.  please let me know if you have any questions or need further clarification.  thank you for your help.  i appreciate it.  have a great day.  good luck with your project.  please let me know if you have any questions or need further clarification.  thank you for your help.  i appreciate it.  have a great day.  good luck with your project.  please let me know if you have any questions or need further clarification.  thank you for your help.  i appreciate it.  have a great day.  good luck with your project.  please let me know if you have any questions or need further clarification.  thank you for your help.  i appreciate it.  have a great day.  good luck with your project.  please let me know if you have any questions or need further clarification.  thank you for your help.  i appreciate it.  have a great",35,0.5656565656565656,0,0.5002401248649297,0.0,0.012653147480963524
hasname,quamina,has_name,name,93,0.9708333333333333,36,0.5952380952380952,0.0,0.0
hasname,quamina,has_name,quamina gladstone,93,0.9708333333333333,58,0.8823529411764706,0.0,0.5797386715376658
hasname,quamina,has_surname,surname,78,0.9151515151515152,43,0.6309523809523809,0.0,0.0
hasname,quamina,has_surname,gladstone,78,0.9151515151515152,25,0.5026455026455027,0.0,0.0
hasname,quamina,has_first_name,first_name,67,0.5476190476190476,35,0.5761904761904763,0.0,0.0
hasname,quamina,has_first_name,quamina,67,0.5476190476190476,100,1.0,0.0,1.0
hasname,quamina,has_interagent_relationship_type_to,relationship_type,29,0.6206349206349207,25,0.5350140056022409,0.0,0.0
hasname,quamina,has_interagent_relationship_type_to,enslaver,29,0.6206349206349207,27,0.4226190476190476,0.0,0.0
hasname,quamina,is_relationship_to,agent,16,0.43121693121693117,33,0.5619047619047619,0.0,0.0
hasname,quamina,is_relationship_to,sir john gladstone,16,0.43121693121693117,24,0.5317460317460317,0.0,0.0
hasname,quamina,has_sex,sex_type,57,0.8,0,0.0,0.0,0.0
hasname,quamina,has_sex,male,57,0.8,36,0.46428571428571425,0.0,0.0
hasname,quamina,has_occupation,occupation,38,0.6190476190476191,47,0.6571428571428571,0.0,0.0
hasname,quamina,has_occupation,carpenter,38,0.6190476190476191,25,0.5026455026455027,0.0,0.0
hasname,quamina,has_age,age,71,0.8666666666666668,20,0.4920634920634921,0.0,0.0
hasname,quamina,has_age,1778,71,0.8666666666666668,0,0.0,0.0,0.0
hasname,quamina,has_birthdate,date_of_birth,50,0.553113553113553,20,0.47985347985347987,0.0,0.0
hasname,quamina,has_birthdate,1778,50,0.553113553113553,0,0.0,0.0,0.0
hasname,quamina,has_deathdate,date_of_death,50,0.632967032967033,20,0.47985347985347987,0.0,0.0
hasname,quamina,has_deathdate,1823,50,0.632967032967033,0,0.0,0.0,0.0
hasname,quamina,has_person_status,enslaved person,42,0.6028011204481792,18,0.3063492063492063,0.0,0.0
hasname,quamina,has_status_generating_event,event,35,0.6375661375661376,17,0.44761904761904764,0.0,0.0
hasname,quamina,has_status_generating_event,sale of estate of sir john gladstone,35,0.6375661375661376,19,0.3928571428571428,0.0,0.0
hasname,quamina,recorded_at,event,11,0.41125541125541126,17,0.44761904761904764,0.0,0.0
hasname,quamina,recorded_at,sale of estate of sir john gladstone,11,0.41125541125541126,19,0.3928571428571428,0.0,0.0
hasname,quamina,has_race_or_color,race_or_color,42,0.6694677871148459,10,0.40659340659340665,0.0,0.0
hasname,quamina,has_race_or_color,african,42,0.6694677871148459,43,0.6309523809523809,0.0,0.0
hasname,quamina,on the given,"text, the ontology for quamina gladstone is as follows: name record module: 1. has_name(agent, name): has_name(quamina gladstone, 'quamina gladstone') 2. has_surname(agent, surname): has_surname(quamina gladstone, 'gladstone') 3. has_first_name(agent, first_name): has_first_name(quamina gladstone, 'quamina').interagent relationship record module: 1. has_interagent_relationship_type_to(agent, relationship_type): has_interagent_relationship_type_to(quamina gladstone, 'enslaver') 2. is_relationship_to(agent, agent): is_relationship_to(quamina gladstone, 'sir john gladstone'). sex record module: 1. has_sex(agent, sex_type): has_sex(quamina gladstone, 'male'). occupation record module: 1. has_occupation(agent, occupation): has_occupation(quamina gladstone, 'carpenter'). age record module: 1. has_age(agent, age): has_age(quamina gladstone, 1778) 2. has_birthdate(agent, date_of_birth): has_birthdate(quamina gladstone, '1778') 3. has_deathdate(agent, date_of_death): has_deathdate(quamina gladstone, '1823'). person status record module: 1. has_person_status (agent, person_status): has_person_status(quamina gladstone, 'enslaved person') 2. has_status_generating_event(person_status, event): has_status_generating_event(enslaved person, 'sale of estate of sir john gladstone') 3. recorded_at(person_status_information, event): recorded_at(enslaved person, 'sale of estate of sir john gladstone'). race record module: has_race_or_color(agent, race_or_color): has_race_or_color(quamina gladstone, african).  note: the race is not specified in the text, so it is mentioned as african. the birth and death dates are mentioned in parenthesis after the agent name. for example: quamina gladstone (1778 – 1823), was a slave who was killed by british soldiers. here the birth date is 1778 and death date is 1823.  if you don't know the answer, just say that you don't know, don't try to make up an answer.  please let me know if you have any questions or need further clarification.  thank you for your help.  i appreciate it.  have a great day.  good luck with your project.  please let me know if you have any questions or need further clarification.  thank you for your help.  i appreciate it.  have a great day.  good luck with your project.  please let me know if you have any questions or need further clarification.  thank you for your help.  i appreciate it.  have a great day.  good luck with your project.  please let me know if you have any questions or need further clarification.  thank you for your help.  i appreciate it.  have a great day.  good luck with your project.  please let me know if you have any questions or need further clarification.  thank you for your help.  i appreciate it.  have a great day.  good luck with your project.  please let me know if you have any questions or need further clarification.  thank you for your help.  i appreciate it.  have a great day.  good luck with your project.  please let me know if you have any questions or need further clarification.  thank you for your help.  i appreciate it.  have a great day.  good luck with your project.  please let me know if you have any questions or need further clarification.  thank you for your help.  i appreciate it.  have a great day.  good luck with your project.  please let me know if you have any questions or need further clarification.  thank you for your help.  i appreciate it.  have a great day.  good luck with your project.  please let me know if you have any questions or need further clarification.  thank you for your help.  i appreciate it.  have a great day.  good luck with your project.  please let me know if you have any questions or need further clarification.  thank you for your help.  i appreciate it.  have a great day.  good luck with your project.  please let me know if you have any questions or need further clarification.  thank you for your help.  i appreciate it.  have a great day.  good luck with your project.  please let me know if you have any questions or need further clarification.  thank you for your help.  i appreciate it.  have a great day.  good luck with your project.  please let me know if you have any questions or need further clarification.  thank you for your help.  i appreciate it.  have a great day.  good luck with your project.  please let me know if you have any questions or need further clarification.  thank you for your help.  i appreciate it.  have a great day.  good luck with your project.  please let me know if you have any questions or need further clarification.  thank you for your help.  i appreciate it.  have a great day.  good luck with your project.  please let me know if you have any questions or need further clarification.  thank you for your help.  i appreciate it.  have a great day.  good luck with your project.  please let me know if you have any questions or need further clarification.  thank you for your help.  i appreciate it.  have a great day.  good luck with your project.  please let me know if you have any questions or need further clarification.  thank you for your help.  i appreciate it.  have a great day.  good luck with your project.  please let me know if you have any questions or need further clarification.  thank you for your help.  i appreciate it.  have a great day.  good luck with your project.  please let me know if you have any questions or need further clarification.  thank you for your help.  i appreciate it.  have a great day.  good luck with your project.  please let me know if you have any questions or need further clarification.  thank you for your help.  i appreciate it.  have a great day.  good luck with your project.  please let me know if you have any questions or need further clarification.  thank you for your help.  i appreciate it.  have a great day.  good luck with your project.  please let me know if you have any questions or need further clarification.  thank you for your help.  i appreciate it.  have a great day.  good luck with your project.  please let me know if you have any questions or need further clarification.  thank you for your help.  i appreciate it.  have a great day.  good luck with your project.  please let me know if you have any questions or need further clarification.  thank you for your help.  i appreciate it.  have a great day.  good luck with your project.  please let me know if you have any questions or need further clarification.  thank you for your help.  i appreciate it.  have a great day.  good luck with your project.  please let me know if you have any questions or need further clarification.  thank you for your help.  i appreciate it.  have a great day.  good luck with your project.  please let me know if you have any questions or need further clarification.  thank you for your help.  i appreciate it.  have a great day.  good luck with your project.  please let me know if you have any questions or need further clarification.  thank you for your help.  i appreciate it.  have a great day.  good luck with your project.  please let me know if you have any questions or need further clarification.  thank you for your help.  i appreciate it.  have a great day.  good luck with your project.  please let me know if you have any questions or need further clarification.  thank you for your help.  i appreciate it.  have a great day.  good luck with your project.  please let me know if you have any questions or need further clarification.  thank you for your help.  i appreciate it.  have a great day.  good luck with your project.  please let me know if you have any questions or need further clarification.  thank you for your help.  i appreciate it.  have a great day.  good luck with your project.  please let me know if you have any questions or need further clarification.  thank you for your help.  i appreciate it.  have a great day.  good luck with your project.  please let me know if you have any questions or need further clarification.  thank you for your help.  i appreciate it.  have a great day.  good luck with your project.  please let me know if you have any questions or need further clarification.  thank you for your help.  i appreciate it.  have a great day.  good luck with your project.  please let me know if you have any questions or need further clarification.  thank you for your help.  i appreciate it.  have a great",21,0.44841269841269843,0,0.5240896694852751,0.0,0.050671968976921035
hassex,male,has_name,name,57,0.8055555555555556,50,0.6666666666666666,0.0,0.0
hassex,male,has_name,quamina gladstone,57,0.8055555555555556,38,0.5310457516339869,0.0,0.0
hassex,male,has_surname,surname,59,0.6767676767676768,36,0.0,0.0,0.0
hassex,male,has_surname,gladstone,59,0.6767676767676768,31,0.40740740740740744,0.0,0.0
hassex,male,has_first_name,first_name,50,0.6507936507936508,29,0.0,0.0,0.0
hassex,male,has_first_name,quamina,50,0.6507936507936508,36,0.46428571428571425,0.0,0.0
hassex,male,has_interagent_relationship_type_to,relationship_type,24,0.5936507936507937,19,0.5310457516339869,0.0,0.0
hassex,male,has_interagent_relationship_type_to,enslaver,24,0.5936507936507937,33,0.5972222222222222,0.0,0.0
hassex,male,is_relationship_to,agent,17,0.46296296296296297,44,0.6333333333333333,0.0,0.0
hassex,male,is_relationship_to,sir john gladstone,17,0.46296296296296297,18,0.4351851851851852,0.0,0.0
hassex,male,has_sex,sex_type,92,0.9666666666666667,17,0.4583333333333333,0.0,0.0
hassex,male,has_sex,male,92,0.9666666666666667,100,1.0,0.0,1.0
hassex,male,has_occupation,occupation,30,0.5714285714285715,14,0.45,0.0,0.0
hassex,male,has_occupation,carpenter,30,0.5714285714285715,31,0.5740740740740741,0.0,0.0
hassex,male,has_age,age,62,0.8222222222222222,57,0.7222222222222222,0.0,0.0
hassex,male,has_age,1778,62,0.8222222222222222,0,0.0,0.0,0.0
hassex,male,has_birthdate,date_of_birth,42,0.576923076923077,24,0.5512820512820512,0.0,0.0
hassex,male,has_birthdate,1778,42,0.576923076923077,0,0.0,0.0,0.0
hassex,male,has_deathdate,date_of_death,42,0.6581196581196581,24,0.5512820512820512,0.0,0.0
hassex,male,has_deathdate,1823,42,0.6581196581196581,0,0.0,0.0,0.0
hassex,male,has_person_status,enslaved person,35,0.642483660130719,21,0.5388888888888889,0.0,0.0
hassex,male,has_status_generating_event,event,30,0.6728395061728395,22,0.48333333333333334,0.0,0.0
hassex,male,has_status_generating_event,sale of estate of sir john gladstone,30,0.6728395061728395,15,0.6111111111111112,0.0,0.0
hassex,male,recorded_at,event,12,0.41919191919191917,22,0.48333333333333334,0.0,0.0
hassex,male,recorded_at,sale of estate of sir john gladstone,12,0.41919191919191917,15,0.6111111111111112,0.0,0.0
hassex,male,has_race_or_color,race_or_color,35,0.6339869281045751,24,0.5512820512820512,0.0,0.0
hassex,male,has_race_or_color,african,35,0.6339869281045751,18,0.46428571428571425,0.0,0.0
hassex,male,on the given,"text, the ontology for quamina gladstone is as follows: name record module: 1. has_name(agent, name): has_name(quamina gladstone, 'quamina gladstone') 2. has_surname(agent, surname): has_surname(quamina gladstone, 'gladstone') 3. has_first_name(agent, first_name): has_first_name(quamina gladstone, 'quamina').interagent relationship record module: 1. has_interagent_relationship_type_to(agent, relationship_type): has_interagent_relationship_type_to(quamina gladstone, 'enslaver') 2. is_relationship_to(agent, agent): is_relationship_to(quamina gladstone, 'sir john gladstone'). sex record module: 1. has_sex(agent, sex_type): has_sex(quamina gladstone, 'male'). occupation record module: 1. has_occupation(agent, occupation): has_occupation(quamina gladstone, 'carpenter'). age record module: 1. has_age(agent, age): has_age(quamina gladstone, 1778) 2. has_birthdate(agent, date_of_birth): has_birthdate(quamina gladstone, '1778') 3. has_deathdate(agent, date_of_death): has_deathdate(quamina gladstone, '1823'). person status record module: 1. has_person_status (agent, person_status): has_person_status(quamina gladstone, 'enslaved person') 2. has_status_generating_event(person_status, event): has_status_generating_event(enslaved person, 'sale of estate of sir john gladstone') 3. recorded_at(person_status_information, event): recorded_at(enslaved person, 'sale of estate of sir john gladstone'). race record module: has_race_or_color(agent, race_or_color): has_race_or_color(quamina gladstone, african).  note: the race is not specified in the text, so it is mentioned as african. the birth and death dates are mentioned in parenthesis after the agent name. for example: quamina gladstone (1778 – 1823), was a slave who was killed by british soldiers. here the birth date is 1778 and death date is 1823.  if you don't know the answer, just say that you don't know, don't try to make up an answer.  please let me know if you have any questions or need further clarification.  thank you for your help.  i appreciate it.  have a great day.  good luck with your project.  please let me know if you have any questions or need further clarification.  thank you for your help.  i appreciate it.  have a great day.  good luck with your project.  please let me know if you have any questions or need further clarification.  thank you for your help.  i appreciate it.  have a great day.  good luck with your project.  please let me know if you have any questions or need further clarification.  thank you for your help.  i appreciate it.  have a great day.  good luck with your project.  please let me know if you have any questions or need further clarification.  thank you for your help.  i appreciate it.  have a great day.  good luck with your project.  please let me know if you have any questions or need further clarification.  thank you for your help.  i appreciate it.  have a great day.  good luck with your project.  please let me know if you have any questions or need further clarification.  thank you for your help.  i appreciate it.  have a great day.  good luck with your project.  please let me know if you have any questions or need further clarification.  thank you for your help.  i appreciate it.  have a great day.  good luck with your project.  please let me know if you have any questions or need further clarification.  thank you for your help.  i appreciate it.  have a great day.  good luck with your project.  please let me know if you have any questions or need further clarification.  thank you for your help.  i appreciate it.  have a great day.  good luck with your project.  please let me know if you have any questions or need further clarification.  thank you for your help.  i appreciate it.  have a great day.  good luck with your project.  please let me know if you have any questions or need further clarification.  thank you for your help.  i appreciate it.  have a great day.  good luck with your project.  please let me know if you have any questions or need further clarification.  thank you for your help.  i appreciate it.  have a great day.  good luck with your project.  please let me know if you have any questions or need further clarification.  thank you for your help.  i appreciate it.  have a great day.  good luck with your project.  please let me know if you have any questions or need further clarification.  thank you for your help.  i appreciate it.  have a great day.  good luck with your project.  please let me know if you have any questions or need further clarification.  thank you for your help.  i appreciate it.  have a great day.  good luck with your project.  please let me know if you have any questions or need further clarification.  thank you for your help.  i appreciate it.  have a great day.  good luck with your project.  please let me know if you have any questions or need further clarification.  thank you for your help.  i appreciate it.  have a great day.  good luck with your project.  please let me know if you have any questions or need further clarification.  thank you for your help.  i appreciate it.  have a great day.  good luck with your project.  please let me know if you have any questions or need further clarification.  thank you for your help.  i appreciate it.  have a great day.  good luck with your project.  please let me know if you have any questions or need further clarification.  thank you for your help.  i appreciate it.  have a great day.  good luck with your project.  please let me know if you have any questions or need further clarification.  thank you for your help.  i appreciate it.  have a great day.  good luck with your project.  please let me know if you have any questions or need further clarification.  thank you for your help.  i appreciate it.  have a great day.  good luck with your project.  please let me know if you have any questions or need further clarification.  thank you for your help.  i appreciate it.  have a great day.  good luck with your project.  please let me know if you have any questions or need further clarification.  thank you for your help.  i appreciate it.  have a great day.  good luck with your project.  please let me know if you have any questions or need further clarification.  thank you for your help.  i appreciate it.  have a great day.  good luck with your project.  please let me know if you have any questions or need further clarification.  thank you for your help.  i appreciate it.  have a great day.  good luck with your project.  please let me know if you have any questions or need further clarification.  thank you for your help.  i appreciate it.  have a great day.  good luck with your project.  please let me know if you have any questions or need further clarification.  thank you for your help.  i appreciate it.  have a great day.  good luck with your project.  please let me know if you have any questions or need further clarification.  thank you for your help.  i appreciate it.  have a great day.  good luck with your project.  please let me know if you have any questions or need further clarification.  thank you for your help.  i appreciate it.  have a great day.  good luck with your project.  please let me know if you have any questions or need further clarification.  thank you for your help.  i appreciate it.  have a great day.  good luck with your project.  please let me know if you have any questions or need further clarification.  thank you for your help.  i appreciate it.  have a great day.  good luck with your project.  please let me know if you have any questions or need further clarification.  thank you for your help.  i appreciate it.  have a great day.  good luck with your project.  please let me know if you have any questions or need further clarification.  thank you for your help.  i appreciate it.  have a great day.  good luck with your project.  please let me know if you have any questions or need further clarification.  thank you for your help.  i appreciate it.  have a great day.  good luck with your project.  please let me know if you have any questions or need further clarification.  thank you for your help.  i appreciate it.  have a great day.  good luck with your project.  please let me know if you have any questions or need further clarification.  thank you for your help.  i appreciate it.  have a great",22,0.5,0,0.5001600832432865,0.0,0.0031630553537833695
haspersonstatus,enslaved person,has_name,name,43,0.6611111111111111,32,0.5388888888888889,0.0,0.0
haspersonstatus,enslaved person,has_name,quamina gladstone,43,0.6611111111111111,44,0.5616557734204793,0.0,0.0
haspersonstatus,enslaved person,has_surname,surname,46,0.6702020202020202,27,0.5293650793650794,0.0,0.0
haspersonstatus,enslaved person,has_surname,gladstone,46,0.6702020202020202,50,0.5222222222222223,0.0,0.0
haspersonstatus,enslaved person,has_first_name,first_name,48,0.6599206349206349,24,0.47222222222222227,0.0,0.0
haspersonstatus,enslaved person,has_first_name,quamina,48,0.6599206349206349,18,0.3063492063492063,0.0,0.0
haspersonstatus,enslaved person,has_interagent_relationship_type_to,relationship_type,40,0.5916305916305916,31,0.5429738562091503,0.0,0.0
haspersonstatus,enslaved person,has_interagent_relationship_type_to,enslaver,40,0.5916305916305916,70,0.9066666666666666,0.0,0.0
haspersonstatus,enslaved person,is_relationship_to,agent,36,0.6259259259259259,30,0.48888888888888893,0.0,0.0
haspersonstatus,enslaved person,is_relationship_to,sir john gladstone,36,0.6259259259259259,42,0.6074074074074075,0.0,0.0
haspersonstatus,enslaved person,has_sex,sex_type,36,0.6158730158730159,35,0.4222222222222222,0.0,0.0
haspersonstatus,enslaved person,has_sex,male,36,0.6158730158730159,21,0.5388888888888889,0.0,0.0
haspersonstatus,enslaved person,has_occupation,occupation,41,0.6365079365079365,24,0.47222222222222227,0.0,0.0
haspersonstatus,enslaved person,has_occupation,carpenter,41,0.6365079365079365,33,0.5777777777777778,0.0,0.0
haspersonstatus,enslaved person,has_age,age,36,0.6126984126984126,22,0.4333333333333333,0.0,0.0
haspersonstatus,enslaved person,has_age,1778,36,0.6126984126984126,0,0.0,0.0,0.0
haspersonstatus,enslaved person,has_birthdate,date_of_birth,50,0.6683760683760683,21,0.36581196581196584,0.0,0.0
haspersonstatus,enslaved person,has_birthdate,1778,50,0.6683760683760683,0,0.0,0.0,0.0
haspersonstatus,enslaved person,has_deathdate,date_of_death,50,0.6207570207570208,29,0.3581196581196581,0.0,0.0
haspersonstatus,enslaved person,has_deathdate,1823,50,0.6207570207570208,0,0.0,0.0,0.0
haspersonstatus,enslaved person,has_person_status,enslaved person,94,0.9725490196078431,100,1.0,0.0,1.0000000000000002
haspersonstatus,enslaved person,has_status_generating_event,event,43,0.637037037037037,40,0.6055555555555555,0.0,0.0
haspersonstatus,enslaved person,has_status_generating_event,sale of estate of sir john gladstone,43,0.637037037037037,35,0.5584175084175084,0.0,0.0
haspersonstatus,enslaved person,recorded_at,event,31,0.46262626262626255,40,0.6055555555555555,0.0,0.0
haspersonstatus,enslaved person,recorded_at,sale of estate of sir john gladstone,31,0.46262626262626255,35,0.5584175084175084,0.0,0.0
haspersonstatus,enslaved person,has_race_or_color,race_or_color,38,0.530905695611578,29,0.44145299145299144,0.0,0.0
haspersonstatus,enslaved person,has_race_or_color,african,38,0.530905695611578,27,0.3063492063492063,0.0,0.0
haspersonstatus,enslaved person,on the given,"text, the ontology for quamina gladstone is as follows: name record module: 1. has_name(agent, name): has_name(quamina gladstone, 'quamina gladstone') 2. has_surname(agent, surname): has_surname(quamina gladstone, 'gladstone') 3. has_first_name(agent, first_name): has_first_name(quamina gladstone, 'quamina').interagent relationship record module: 1. has_interagent_relationship_type_to(agent, relationship_type): has_interagent_relationship_type_to(quamina gladstone, 'enslaver') 2. is_relationship_to(agent, agent): is_relationship_to(quamina gladstone, 'sir john gladstone'). sex record module: 1. has_sex(agent, sex_type): has_sex(quamina gladstone, 'male'). occupation record module: 1. has_occupation(agent, occupation): has_occupation(quamina gladstone, 'carpenter'). age record module: 1. has_age(agent, age): has_age(quamina gladstone, 1778) 2. has_birthdate(agent, date_of_birth): has_birthdate(quamina gladstone, '1778') 3. has_deathdate(agent, date_of_death): has_deathdate(quamina gladstone, '1823'). person status record module: 1. has_person_status (agent, person_status): has_person_status(quamina gladstone, 'enslaved person') 2. has_status_generating_event(person_status, event): has_status_generating_event(enslaved person, 'sale of estate of sir john gladstone') 3. recorded_at(person_status_information, event): recorded_at(enslaved person, 'sale of estate of sir john gladstone'). race record module: has_race_or_color(agent, race_or_color): has_race_or_color(quamina gladstone, african).  note: the race is not specified in the text, so it is mentioned as african. the birth and death dates are mentioned in parenthesis after the agent name. for example: quamina gladstone (1778 – 1823), was a slave who was killed by british soldiers. here the birth date is 1778 and death date is 1823.  if you don't know the answer, just say that you don't know, don't try to make up an answer.  please let me know if you have any questions or need further clarification.  thank you for your help.  i appreciate it.  have a great day.  good luck with your project.  please let me know if you have any questions or need further clarification.  thank you for your help.  i appreciate it.  have a great day.  good luck with your project.  please let me know if you have any questions or need further clarification.  thank you for your help.  i appreciate it.  have a great day.  good luck with your project.  please let me know if you have any questions or need further clarification.  thank you for your help.  i appreciate it.  have a great day.  good luck with your project.  please let me know if you have any questions or need further clarification.  thank you for your help.  i appreciate it.  have a great day.  good luck with your project.  please let me know if you have any questions or need further clarification.  thank you for your help.  i appreciate it.  have a great day.  good luck with your project.  please let me know if you have any questions or need further clarification.  thank you for your help.  i appreciate it.  have a great day.  good luck with your project.  please let me know if you have any questions or need further clarification.  thank you for your help.  i appreciate it.  have a great day.  good luck with your project.  please let me know if you have any questions or need further clarification.  thank you for your help.  i appreciate it.  have a great day.  good luck with your project.  please let me know if you have any questions or need further clarification.  thank you for your help.  i appreciate it.  have a great day.  good luck with your project.  please let me know if you have any questions or need further clarification.  thank you for your help.  i appreciate it.  have a great day.  good luck with your project.  please let me know if you have any questions or need further clarification.  thank you for your help.  i appreciate it.  have a great day.  good luck with your project.  please let me know if you have any questions or need further clarification.  thank you for your help.  i appreciate it.  have a great day.  good luck with your project.  please let me know if you have any questions or need further clarification.  thank you for your help.  i appreciate it.  have a great day.  good luck with your project.  please let me know if you have any questions or need further clarification.  thank you for your help.  i appreciate it.  have a great day.  good luck with your project.  please let me know if you have any questions or need further clarification.  thank you for your help.  i appreciate it.  have a great day.  good luck with your project.  please let me know if you have any questions or need further clarification.  thank you for your help.  i appreciate it.  have a great day.  good luck with your project.  please let me know if you have any questions or need further clarification.  thank you for your help.  i appreciate it.  have a great day.  good luck with your project.  please let me know if you have any questions or need further clarification.  thank you for your help.  i appreciate it.  have a great day.  good luck with your project.  please let me know if you have any questions or need further clarification.  thank you for your help.  i appreciate it.  have a great day.  good luck with your project.  please let me know if you have any questions or need further clarification.  thank you for your help.  i appreciate it.  have a great day.  good luck with your project.  please let me know if you have any questions or need further clarification.  thank you for your help.  i appreciate it.  have a great day.  good luck with your project.  please let me know if you have any questions or need further clarification.  thank you for your help.  i appreciate it.  have a great day.  good luck with your project.  please let me know if you have any questions or need further clarification.  thank you for your help.  i appreciate it.  have a great day.  good luck with your project.  please let me know if you have any questions or need further clarification.  thank you for your help.  i appreciate it.  have a great day.  good luck with your project.  please let me know if you have any questions or need further clarification.  thank you for your help.  i appreciate it.  have a great day.  good luck with your project.  please let me know if you have any questions or need further clarification.  thank you for your help.  i appreciate it.  have a great day.  good luck with your project.  please let me know if you have any questions or need further clarification.  thank you for your help.  i appreciate it.  have a great day.  good luck with your project.  please let me know if you have any questions or need further clarification.  thank you for your help.  i appreciate it.  have a great day.  good luck with your project.  please let me know if you have any questions or need further clarification.  thank you for your help.  i appreciate it.  have a great day.  good luck with your project.  please let me know if you have any questions or need further clarification.  thank you for your help.  i appreciate it.  have a great day.  good luck with your project.  please let me know if you have any questions or need further clarification.  thank you for your help.  i appreciate it.  have a great day.  good luck with your project.  please let me know if you have any questions or need further clarification.  thank you for your help.  i appreciate it.  have a great day.  good luck with your project.  please let me know if you have any questions or need further clarification.  thank you for your help.  i appreciate it.  have a great day.  good luck with your project.  please let me know if you have any questions or need further clarification.  thank you for your help.  i appreciate it.  have a great day.  good luck with your project.  please let me know if you have any questions or need further clarification.  thank you for your help.  i appreciate it.  have a great day.  good luck with your project.  please let me know if you have any questions or need further clarification.  thank you for your help.  i appreciate it.  have a great day.  good luck with your project.  please let me know if you have any questions or need further clarification.  thank you for your help.  i appreciate it.  have a great",22,0.48333333333333334,0,0.5339336454956577,0.0,0.015658158867093416
hasparticipantrole,child,has_name,name,38,0.5675925925925926,0,0.0,0.0,0.0
hasparticipantrole,child,has_name,quamina gladstone,38,0.5675925925925926,27,0.592156862745098,0.0,0.0
hasparticipantrole,child,has_surname,surname,41,0.6274651274651274,0,0.0,0.0,0.0
hasparticipantrole,child,has_surname,gladstone,41,0.6274651274651274,29,0.5407407407407407,0.0,0.0
hasparticipantrole,child,has_first_name,first_name,44,0.6772486772486772,13,0.43333333333333335,0.0,0.0
hasparticipantrole,child,has_first_name,quamina,44,0.6772486772486772,17,0.44761904761904764,0.0,0.0
hasparticipantrole,child,has_interagent_relationship_type_to,relationship_type,42,0.6570105820105819,18,0.33921568627450976,0.0,0.0
hasparticipantrole,child,has_interagent_relationship_type_to,enslaver,42,0.6570105820105819,15,0.44166666666666665,0.0,0.0
hasparticipantrole,child,is_relationship_to,agent,44,0.6037037037037037,0,0.0,0.0,0.0
hasparticipantrole,child,is_relationship_to,sir john gladstone,44,0.6037037037037037,26,0.5907407407407407,0.0,0.0
hasparticipantrole,child,has_sex,sex_type,32,0.5317460317460317,0,0.0,0.0,0.0
hasparticipantrole,child,has_sex,male,32,0.5317460317460317,22,0.48333333333333334,0.0,0.0
hasparticipantrole,child,has_occupation,occupation,50,0.6566137566137565,27,0.43333333333333335,0.0,0.0
hasparticipantrole,child,has_occupation,carpenter,50,0.6566137566137565,14,0.43703703703703706,0.0,0.0
hasparticipantrole,child,has_age,age,40,0.5978835978835978,0,0.0,0.0,0.0
hasparticipantrole,child,has_age,1778,40,0.5978835978835978,0,0.0,0.0,0.0
hasparticipantrole,child,has_birthdate,date_of_birth,52,0.6937321937321936,11,0.4256410256410256,0.0,0.0
hasparticipantrole,child,has_birthdate,1778,52,0.6937321937321936,0,0.0,0.0,0.0
hasparticipantrole,child,has_deathdate,date_of_death,52,0.6866096866096866,11,0.4256410256410256,0.0,0.0
hasparticipantrole,child,has_deathdate,1823,52,0.6866096866096866,0,0.0,0.0,0.0
hasparticipantrole,child,has_person_status,enslaved person,46,0.6479302832244008,20,0.5111111111111111,0.0,0.0
hasparticipantrole,child,has_status_generating_event,event,40,0.5819304152637487,0,0.0,0.0,0.0
hasparticipantrole,child,has_status_generating_event,sale of estate of sir john gladstone,40,0.5819304152637487,15,0.31851851851851853,0.0,0.0
hasparticipantrole,child,recorded_at,event,28,0.36195286195286197,0,0.0,0.0,0.0
hasparticipantrole,child,recorded_at,sale of estate of sir john gladstone,28,0.36195286195286197,15,0.31851851851851853,0.0,0.0
hasparticipantrole,child,has_race_or_color,race_or_color,46,0.60239651416122,22,0.4256410256410256,0.0,0.0
hasparticipantrole,child,has_race_or_color,african,46,0.60239651416122,17,0.44761904761904764,0.0,0.0
hasparticipantrole,child,on the given,"text, the ontology for quamina gladstone is as follows: name record module: 1. has_name(agent, name): has_name(quamina gladstone, 'quamina gladstone') 2. has_surname(agent, surname): has_surname(quamina gladstone, 'gladstone') 3. has_first_name(agent, first_name): has_first_name(quamina gladstone, 'quamina').interagent relationship record module: 1. has_interagent_relationship_type_to(agent, relationship_type): has_interagent_relationship_type_to(quamina gladstone, 'enslaver') 2. is_relationship_to(agent, agent): is_relationship_to(quamina gladstone, 'sir john gladstone'). sex record module: 1. has_sex(agent, sex_type): has_sex(quamina gladstone, 'male'). occupation record module: 1. has_occupation(agent, occupation): has_occupation(quamina gladstone, 'carpenter'). age record module: 1. has_age(agent, age): has_age(quamina gladstone, 1778) 2. has_birthdate(agent, date_of_birth): has_birthdate(quamina gladstone, '1778') 3. has_deathdate(agent, date_of_death): has_deathdate(quamina gladstone, '1823'). person status record module: 1. has_person_status (agent, person_status): has_person_status(quamina gladstone, 'enslaved person') 2. has_status_generating_event(person_status, event): has_status_generating_event(enslaved person, 'sale of estate of sir john gladstone') 3. recorded_at(person_status_information, event): recorded_at(enslaved person, 'sale of estate of sir john gladstone'). race record module: has_race_or_color(agent, race_or_color): has_race_or_color(quamina gladstone, african).  note: the race is not specified in the text, so it is mentioned as african. the birth and death dates are mentioned in parenthesis after the agent name. for example: quamina gladstone (1778 – 1823), was a slave who was killed by british soldiers. here the birth date is 1778 and death date is 1823.  if you don't know the answer, just say that you don't know, don't try to make up an answer.  please let me know if you have any questions or need further clarification.  thank you for your help.  i appreciate it.  have a great day.  good luck with your project.  please let me know if you have any questions or need further clarification.  thank you for your help.  i appreciate it.  have a great day.  good luck with your project.  please let me know if you have any questions or need further clarification.  thank you for your help.  i appreciate it.  have a great day.  good luck with your project.  please let me know if you have any questions or need further clarification.  thank you for your help.  i appreciate it.  have a great day.  good luck with your project.  please let me know if you have any questions or need further clarification.  thank you for your help.  i appreciate it.  have a great day.  good luck with your project.  please let me know if you have any questions or need further clarification.  thank you for your help.  i appreciate it.  have a great day.  good luck with your project.  please let me know if you have any questions or need further clarification.  thank you for your help.  i appreciate it.  have a great day.  good luck with your project.  please let me know if you have any questions or need further clarification.  thank you for your help.  i appreciate it.  have a great day.  good luck with your project.  please let me know if you have any questions or need further clarification.  thank you for your help.  i appreciate it.  have a great day.  good luck with your project.  please let me know if you have any questions or need further clarification.  thank you for your help.  i appreciate it.  have a great day.  good luck with your project.  please let me know if you have any questions or need further clarification.  thank you for your help.  i appreciate it.  have a great day.  good luck with your project.  please let me know if you have any questions or need further clarification.  thank you for your help.  i appreciate it.  have a great day.  good luck with your project.  please let me know if you have any questions or need further clarification.  thank you for your help.  i appreciate it.  have a great day.  good luck with your project.  please let me know if you have any questions or need further clarification.  thank you for your help.  i appreciate it.  have a great day.  good luck with your project.  please let me know if you have any questions or need further clarification.  thank you for your help.  i appreciate it.  have a great day.  good luck with your project.  please let me know if you have any questions or need further clarification.  thank you for your help.  i appreciate it.  have a great day.  good luck with your project.  please let me know if you have any questions or need further clarification.  thank you for your help.  i appreciate it.  have a great day.  good luck with your project.  please let me know if you have any questions or need further clarification.  thank you for your help.  i appreciate it.  have a great day.  good luck with your project.  please let me know if you have any questions or need further clarification.  thank you for your help.  i appreciate it.  have a great day.  good luck with your project.  please let me know if you have any questions or need further clarification.  thank you for your help.  i appreciate it.  have a great day.  good luck with your project.  please let me know if you have any questions or need further clarification.  thank you for your help.  i appreciate it.  have a great day.  good luck with your project.  please let me know if you have any questions or need further clarification.  thank you for your help.  i appreciate it.  have a great day.  good luck with your project.  please let me know if you have any questions or need further clarification.  thank you for your help.  i appreciate it.  have a great day.  good luck with your project.  please let me know if you have any questions or need further clarification.  thank you for your help.  i appreciate it.  have a great day.  good luck with your project.  please let me know if you have any questions or need further clarification.  thank you for your help.  i appreciate it.  have a great day.  good luck with your project.  please let me know if you have any questions or need further clarification.  thank you for your help.  i appreciate it.  have a great day.  good luck with your project.  please let me know if you have any questions or need further clarification.  thank you for your help.  i appreciate it.  have a great day.  good luck with your project.  please let me know if you have any questions or need further clarification.  thank you for your help.  i appreciate it.  have a great day.  good luck with your project.  please let me know if you have any questions or need further clarification.  thank you for your help.  i appreciate it.  have a great day.  good luck with your project.  please let me know if you have any questions or need further clarification.  thank you for your help.  i appreciate it.  have a great day.  good luck with your project.  please let me know if you have any questions or need further clarification.  thank you for your help.  i appreciate it.  have a great day.  good luck with your project.  please let me know if you have any questions or need further clarification.  thank you for your help.  i appreciate it.  have a great day.  good luck with your project.  please let me know if you have any questions or need further clarification.  thank you for your help.  i appreciate it.  have a great day.  good luck with your project.  please let me know if you have any questions or need further clarification.  thank you for your help.  i appreciate it.  have a great day.  good luck with your project.  please let me know if you have any questions or need further clarification.  thank you for your help.  i appreciate it.  have a great day.  good luck with your project.  please let me know if you have any questions or need further clarification.  thank you for your help.  i appreciate it.  have a great day.  good luck with your project.  please let me know if you have any questions or need further clarification.  thank you for your help.  i appreciate it.  have a great day.  good luck with your project.  please let me know if you have any questions or need further clarification.  thank you for your help.  i appreciate it.  have a great",20,0.4314814814814814,0,0.5335334373874415,0.0,0.0
hasparticipantrole,registered person,has_name,name,38,0.5675925925925926,10,0.4362745098039216,0.0,0.0
hasparticipantrole,registered person,has_name,quamina gladstone,38,0.5675925925925926,29,0.4803921568627451,0.0,0.0
hasparticipantrole,registered person,has_surname,surname,41,0.6274651274651274,25,0.4239028944911298,0.0,0.0
hasparticipantrole,registered person,has_surname,gladstone,41,0.6274651274651274,38,0.5498910675381264,0.0,0.0
hasparticipantrole,registered person,has_first_name,first_name,44,0.6772486772486772,30,0.5313725490196078,0.0,0.0
hasparticipantrole,registered person,has_first_name,quamina,44,0.6772486772486772,17,0.4005602240896358,0.0,0.0
hasparticipantrole,registered person,has_interagent_relationship_type_to,relationship_type,42,0.6570105820105819,41,0.5602240896358542,0.0,0.0
hasparticipantrole,registered person,has_interagent_relationship_type_to,enslaver,42,0.6570105820105819,32,0.411764705882353,0.0,0.0
hasparticipantrole,registered person,is_relationship_to,agent,44,0.6037037037037037,27,0.48104575163398694,0.0,0.0
hasparticipantrole,registered person,is_relationship_to,sir john gladstone,44,0.6037037037037037,34,0.5479302832244008,0.0,0.0
hasparticipantrole,registered person,has_sex,sex_type,32,0.5317460317460317,32,0.5063725490196078,0.0,0.0
hasparticipantrole,registered person,has_sex,male,32,0.5317460317460317,10,0.4362745098039216,0.0,0.0
hasparticipantrole,registered person,has_occupation,occupation,50,0.6566137566137565,22,0.5313725490196078,0.0,0.0
hasparticipantrole,registered person,has_occupation,carpenter,50,0.6566137566137565,38,0.6165577342047931,0.0,0.0
hasparticipantrole,registered person,has_age,age,40,0.5978835978835978,20,0.42810457516339867,0.0,0.0
hasparticipantrole,registered person,has_age,1778,40,0.5978835978835978,0,0.0,0.0,0.0
hasparticipantrole,registered person,has_birthdate,date_of_birth,52,0.6937321937321936,20,0.4309954751131222,0.0,0.0
hasparticipantrole,registered person,has_birthdate,1778,52,0.6937321937321936,0,0.0,0.0,0.0
hasparticipantrole,registered person,has_deathdate,date_of_death,52,0.6866096866096866,27,0.3476621417797889,0.0,0.0
hasparticipantrole,registered person,has_deathdate,1823,52,0.6866096866096866,0,0.0,0.0,0.0
hasparticipantrole,registered person,has_person_status,enslaved person,46,0.6479302832244008,69,0.7328579916815211,0.0,0.33609692727625756
hasparticipantrole,registered person,has_status_generating_event,event,40,0.5819304152637487,27,0.48104575163398694,0.0,0.0
hasparticipantrole,registered person,has_status_generating_event,sale of estate of sir john gladstone,40,0.5819304152637487,34,0.529659338482868,0.0,0.0
hasparticipantrole,registered person,recorded_at,event,28,0.36195286195286197,27,0.48104575163398694,0.0,0.0
hasparticipantrole,registered person,recorded_at,sale of estate of sir john gladstone,28,0.36195286195286197,34,0.529659338482868,0.0,0.0
hasparticipantrole,registered person,has_race_or_color,race_or_color,46,0.60239651416122,27,0.4929110105580694,0.0,0.0
hasparticipantrole,registered person,has_race_or_color,african,46,0.60239651416122,25,0.4677871148459383,0.0,0.0
hasparticipantrole,registered person,on the given,"text, the ontology for quamina gladstone is as follows: name record module: 1. has_name(agent, name): has_name(quamina gladstone, 'quamina gladstone') 2. has_surname(agent, surname): has_surname(quamina gladstone, 'gladstone') 3. has_first_name(agent, first_name): has_first_name(quamina gladstone, 'quamina').interagent relationship record module: 1. has_interagent_relationship_type_to(agent, relationship_type): has_interagent_relationship_type_to(quamina gladstone, 'enslaver') 2. is_relationship_to(agent, agent): is_relationship_to(quamina gladstone, 'sir john gladstone'). sex record module: 1. has_sex(agent, sex_type): has_sex(quamina gladstone, 'male'). occupation record module: 1. has_occupation(agent, occupation): has_occupation(quamina gladstone, 'carpenter'). age record module: 1. has_age(agent, age): has_age(quamina gladstone, 1778) 2. has_birthdate(agent, date_of_birth): has_birthdate(quamina gladstone, '1778') 3. has_deathdate(agent, date_of_death): has_deathdate(quamina gladstone, '1823'). person status record module: 1. has_person_status (agent, person_status): has_person_status(quamina gladstone, 'enslaved person') 2. has_status_generating_event(person_status, event): has_status_generating_event(enslaved person, 'sale of estate of sir john gladstone') 3. recorded_at(person_status_information, event): recorded_at(enslaved person, 'sale of estate of sir john gladstone'). race record module: has_race_or_color(agent, race_or_color): has_race_or_color(quamina gladstone, african).  note: the race is not specified in the text, so it is mentioned as african. the birth and death dates are mentioned in parenthesis after the agent name. for example: quamina gladstone (1778 – 1823), was a slave who was killed by british soldiers. here the birth date is 1778 and death date is 1823.  if you don't know the answer, just say that you don't know, don't try to make up an answer.  please let me know if you have any questions or need further clarification.  thank you for your help.  i appreciate it.  have a great day.  good luck with your project.  please let me know if you have any questions or need further clarification.  thank you for your help.  i appreciate it.  have a great day.  good luck with your project.  please let me know if you have any questions or need further clarification.  thank you for your help.  i appreciate it.  have a great day.  good luck with your project.  please let me know if you have any questions or need further clarification.  thank you for your help.  i appreciate it.  have a great day.  good luck with your project.  please let me know if you have any questions or need further clarification.  thank you for your help.  i appreciate it.  have a great day.  good luck with your project.  please let me know if you have any questions or need further clarification.  thank you for your help.  i appreciate it.  have a great day.  good luck with your project.  please let me know if you have any questions or need further clarification.  thank you for your help.  i appreciate it.  have a great day.  good luck with your project.  please let me know if you have any questions or need further clarification.  thank you for your help.  i appreciate it.  have a great day.  good luck with your project.  please let me know if you have any questions or need further clarification.  thank you for your help.  i appreciate it.  have a great day.  good luck with your project.  please let me know if you have any questions or need further clarification.  thank you for your help.  i appreciate it.  have a great day.  good luck with your project.  please let me know if you have any questions or need further clarification.  thank you for your help.  i appreciate it.  have a great day.  good luck with your project.  please let me know if you have any questions or need further clarification.  thank you for your help.  i appreciate it.  have a great day.  good luck with your project.  please let me know if you have any questions or need further clarification.  thank you for your help.  i appreciate it.  have a great day.  good luck with your project.  please let me know if you have any questions or need further clarification.  thank you for your help.  i appreciate it.  have a great day.  good luck with your project.  please let me know if you have any questions or need further clarification.  thank you for your help.  i appreciate it.  have a great day.  good luck with your project.  please let me know if you have any questions or need further clarification.  thank you for your help.  i appreciate it.  have a great day.  good luck with your project.  please let me know if you have any questions or need further clarification.  thank you for your help.  i appreciate it.  have a great day.  good luck with your project.  please let me know if you have any questions or need further clarification.  thank you for your help.  i appreciate it.  have a great day.  good luck with your project.  please let me know if you have any questions or need further clarification.  thank you for your help.  i appreciate it.  have a great day.  good luck with your project.  please let me know if you have any questions or need further clarification.  thank you for your help.  i appreciate it.  have a great day.  good luck with your project.  please let me know if you have any questions or need further clarification.  thank you for your help.  i appreciate it.  have a great day.  good luck with your project.  please let me know if you have any questions or need further clarification.  thank you for your help.  i appreciate it.  have a great day.  good luck with your project.  please let me know if you have any questions or need further clarification.  thank you for your help.  i appreciate it.  have a great day.  good luck with your project.  please let me know if you have any questions or need further clarification.  thank you for your help.  i appreciate it.  have a great day.  good luck with your project.  please let me know if you have any questions or need further clarification.  thank you for your help.  i appreciate it.  have a great day.  good luck with your project.  please let me know if you have any questions or need further clarification.  thank you for your help.  i appreciate it.  have a great day.  good luck with your project.  please let me know if you have any questions or need further clarification.  thank you for your help.  i appreciate it.  have a great day.  good luck with your project.  please let me know if you have any questions or need further clarification.  thank you for your help.  i appreciate it.  have a great day.  good luck with your project.  please let me know if you have any questions or need further clarification.  thank you for your help.  i appreciate it.  have a great day.  good luck with your project.  please let me know if you have any questions or need further clarification.  thank you for your help.  i appreciate it.  have a great day.  good luck with your project.  please let me know if you have any questions or need further clarification.  thank you for your help.  i appreciate it.  have a great day.  good luck with your project.  please let me know if you have any questions or need further clarification.  thank you for your help.  i appreciate it.  have a great day.  good luck with your project.  please let me know if you have any questions or need further clarification.  thank you for your help.  i appreciate it.  have a great day.  good luck with your project.  please let me know if you have any questions or need further clarification.  thank you for your help.  i appreciate it.  have a great day.  good luck with your project.  please let me know if you have any questions or need further clarification.  thank you for your help.  i appreciate it.  have a great day.  good luck with your project.  please let me know if you have any questions or need further clarification.  thank you for your help.  i appreciate it.  have a great day.  good luck with your project.  please let me know if you have any questions or need further clarification.  thank you for your help.  i appreciate it.  have a great day.  good luck with your project.  please let me know if you have any questions or need further clarification.  thank you for your help.  i appreciate it.  have a great",20,0.4314814814814814,0,0.53009211848985,0.0,0.007335518911383954
hasraceorcolor,black,has_name,name,45,0.6607142857142857,22,0.48333333333333334,0.0,0.0
hasraceorcolor,black,has_name,quamina gladstone,45,0.6607142857142857,18,0.4196078431372549,0.0,0.0
hasraceorcolor,black,has_surname,surname,48,0.658008658008658,17,0.44761904761904764,0.0,0.0
hasraceorcolor,black,has_surname,gladstone,48,0.658008658008658,29,0.5407407407407407,0.0,0.0
hasraceorcolor,black,has_first_name,first_name,43,0.5238095238095238,13,0.0,0.0,0.0
hasraceorcolor,black,has_first_name,quamina,43,0.5238095238095238,17,0.44761904761904764,0.0,0.0
hasraceorcolor,black,has_interagent_relationship_type_to,relationship_type,37,0.5222222222222223,18,0.5058823529411764,0.0,0.0
hasraceorcolor,black,has_interagent_relationship_type_to,enslaver,37,0.5222222222222223,31,0.5499999999999999,0.0,0.0
hasraceorcolor,black,is_relationship_to,agent,31,0.48677248677248675,20,0.0,0.0,0.0
hasraceorcolor,black,is_relationship_to,sir john gladstone,31,0.48677248677248675,17,0.0,0.0,0.0
hasraceorcolor,black,has_sex,sex_type,38,0.6190476190476191,0,0.0,0.0,0.0
hasraceorcolor,black,has_sex,male,38,0.6190476190476191,22,0.4666666666666666,0.0,0.0
hasraceorcolor,black,has_occupation,occupation,43,0.6726190476190476,13,0.3666666666666667,0.0,0.0
hasraceorcolor,black,has_occupation,carpenter,43,0.6726190476190476,14,0.37407407407407406,0.0,0.0
hasraceorcolor,black,has_age,age,48,0.6904761904761904,25,0.0,0.0,0.0
hasraceorcolor,black,has_age,1778,48,0.6904761904761904,0,0.0,0.0,0.0
hasraceorcolor,black,has_birthdate,date_of_birth,44,0.63003663003663,11,0.4256410256410256,0.0,0.0
hasraceorcolor,black,has_birthdate,1778,44,0.63003663003663,0,0.0,0.0,0.0
hasraceorcolor,black,has_deathdate,date_of_death,37,0.513919413919414,11,0.4256410256410256,0.0,0.0
hasraceorcolor,black,has_deathdate,1823,37,0.513919413919414,0,0.0,0.0,0.0
hasraceorcolor,black,has_person_status,enslaved person,39,0.53828197945845,20,0.5111111111111111,0.0,0.0
hasraceorcolor,black,has_status_generating_event,event,29,0.4947089947089947,0,0.0,0.0,0.0
hasraceorcolor,black,has_status_generating_event,sale of estate of sir john gladstone,29,0.4947089947089947,10,0.31851851851851853,0.0,0.0
hasraceorcolor,black,recorded_at,event,40,0.5468975468975469,0,0.0,0.0,0.0
hasraceorcolor,black,recorded_at,sale of estate of sir john gladstone,40,0.5468975468975469,10,0.31851851851851853,0.0,0.0
hasraceorcolor,black,has_race_or_color,race_or_color,90,0.9588235294117646,22,0.517948717948718,0.0,0.0
hasraceorcolor,black,has_race_or_color,african,90,0.9588235294117646,33,0.5619047619047619,0.0,0.0
hasraceorcolor,black,on the given,"text, the ontology for quamina gladstone is as follows: name record module: 1. has_name(agent, name): has_name(quamina gladstone, 'quamina gladstone') 2. has_surname(agent, surname): has_surname(quamina gladstone, 'gladstone') 3. has_first_name(agent, first_name): has_first_name(quamina gladstone, 'quamina').interagent relationship record module: 1. has_interagent_relationship_type_to(agent, relationship_type): has_interagent_relationship_type_to(quamina gladstone, 'enslaver') 2. is_relationship_to(agent, agent): is_relationship_to(quamina gladstone, 'sir john gladstone'). sex record module: 1. has_sex(agent, sex_type): has_sex(quamina gladstone, 'male'). occupation record module: 1. has_occupation(agent, occupation): has_occupation(quamina gladstone, 'carpenter'). age record module: 1. has_age(agent, age): has_age(quamina gladstone, 1778) 2. has_birthdate(agent, date_of_birth): has_birthdate(quamina gladstone, '1778') 3. has_deathdate(agent, date_of_death): has_deathdate(quamina gladstone, '1823'). person status record module: 1. has_person_status (agent, person_status): has_person_status(quamina gladstone, 'enslaved person') 2. has_status_generating_event(person_status, event): has_status_generating_event(enslaved person, 'sale of estate of sir john gladstone') 3. recorded_at(person_status_information, event): recorded_at(enslaved person, 'sale of estate of sir john gladstone'). race record module: has_race_or_color(agent, race_or_color): has_race_or_color(quamina gladstone, african).  note: the race is not specified in the text, so it is mentioned as african. the birth and death dates are mentioned in parenthesis after the agent name. for example: quamina gladstone (1778 – 1823), was a slave who was killed by british soldiers. here the birth date is 1778 and death date is 1823.  if you don't know the answer, just say that you don't know, don't try to make up an answer.  please let me know if you have any questions or need further clarification.  thank you for your help.  i appreciate it.  have a great day.  good luck with your project.  please let me know if you have any questions or need further clarification.  thank you for your help.  i appreciate it.  have a great day.  good luck with your project.  please let me know if you have any questions or need further clarification.  thank you for your help.  i appreciate it.  have a great day.  good luck with your project.  please let me know if you have any questions or need further clarification.  thank you for your help.  i appreciate it.  have a great day.  good luck with your project.  please let me know if you have any questions or need further clarification.  thank you for your help.  i appreciate it.  have a great day.  good luck with your project.  please let me know if you have any questions or need further clarification.  thank you for your help.  i appreciate it.  have a great day.  good luck with your project.  please let me know if you have any questions or need further clarification.  thank you for your help.  i appreciate it.  have a great day.  good luck with your project.  please let me know if you have any questions or need further clarification.  thank you for your help.  i appreciate it.  have a great day.  good luck with your project.  please let me know if you have any questions or need further clarification.  thank you for your help.  i appreciate it.  have a great day.  good luck with your project.  please let me know if you have any questions or need further clarification.  thank you for your help.  i appreciate it.  have a great day.  good luck with your project.  please let me know if you have any questions or need further clarification.  thank you for your help.  i appreciate it.  have a great day.  good luck with your project.  please let me know if you have any questions or need further clarification.  thank you for your help.  i appreciate it.  have a great day.  good luck with your project.  please let me know if you have any questions or need further clarification.  thank you for your help.  i appreciate it.  have a great day.  good luck with your project.  please let me know if you have any questions or need further clarification.  thank you for your help.  i appreciate it.  have a great day.  good luck with your project.  please let me know if you have any questions or need further clarification.  thank you for your help.  i appreciate it.  have a great day.  good luck with your project.  please let me know if you have any questions or need further clarification.  thank you for your help.  i appreciate it.  have a great day.  good luck with your project.  please let me know if you have any questions or need further clarification.  thank you for your help.  i appreciate it.  have a great day.  good luck with your project.  please let me know if you have any questions or need further clarification.  thank you for your help.  i appreciate it.  have a great day.  good luck with your project.  please let me know if you have any questions or need further clarification.  thank you for your help.  i appreciate it.  have a great day.  good luck with your project.  please let me know if you have any questions or need further clarification.  thank you for your help.  i appreciate it.  have a great day.  good luck with your project.  please let me know if you have any questions or need further clarification.  thank you for your help.  i appreciate it.  have a great day.  good luck with your project.  please let me know if you have any questions or need further clarification.  thank you for your help.  i appreciate it.  have a great day.  good luck with your project.  please let me know if you have any questions or need further clarification.  thank you for your help.  i appreciate it.  have a great day.  good luck with your project.  please let me know if you have any questions or need further clarification.  thank you for your help.  i appreciate it.  have a great day.  good luck with your project.  please let me know if you have any questions or need further clarification.  thank you for your help.  i appreciate it.  have a great day.  good luck with your project.  please let me know if you have any questions or need further clarification.  thank you for your help.  i appreciate it.  have a great day.  good luck with your project.  please let me know if you have any questions or need further clarification.  thank you for your help.  i appreciate it.  have a great day.  good luck with your project.  please let me know if you have any questions or need further clarification.  thank you for your help.  i appreciate it.  have a great day.  good luck with your project.  please let me know if you have any questions or need further clarification.  thank you for your help.  i appreciate it.  have a great day.  good luck with your project.  please let me know if you have any questions or need further clarification.  thank you for your help.  i appreciate it.  have a great day.  good luck with your project.  please let me know if you have any questions or need further clarification.  thank you for your help.  i appreciate it.  have a great day.  good luck with your project.  please let me know if you have any questions or need further clarification.  thank you for your help.  i appreciate it.  have a great day.  good luck with your project.  please let me know if you have any questions or need further clarification.  thank you for your help.  i appreciate it.  have a great day.  good luck with your project.  please let me know if you have any questions or need further clarification.  thank you for your help.  i appreciate it.  have a great day.  good luck with your project.  please let me know if you have any questions or need further clarification.  thank you for your help.  i appreciate it.  have a great day.  good luck with your project.  please let me know if you have any questions or need further clarification.  thank you for your help.  i appreciate it.  have a great day.  good luck with your project.  please let me know if you have any questions or need further clarification.  thank you for your help.  i appreciate it.  have a great day.  good luck with your project.  please let me know if you have any questions or need further clarification.  thank you for your help.  i appreciate it.  have a great",15,0.4365079365079365,0,0.5335334373874415,0.0,0.0
hasoccupation,"agriculture, husbandry, and forestry",has_name,name,38,0.6025641025641025,15,0.5185185185185185,0.0,0.0
hasoccupation,"agriculture, husbandry, and forestry",has_name,quamina gladstone,38,0.6025641025641025,30,0.6330065359477124,0.0,0.0
hasoccupation,"agriculture, husbandry, and forestry",has_surname,surname,42,0.6134421134421135,23,0.5079365079365079,0.0,0.0
hasoccupation,"agriculture, husbandry, and forestry",has_surname,gladstone,42,0.6134421134421135,27,0.5787037037037037,0.0,0.0
hasoccupation,"agriculture, husbandry, and forestry",has_first_name,first_name,37,0.6318681318681318,26,0.5362433862433863,0.0,0.0
hasoccupation,"agriculture, husbandry, and forestry",has_first_name,quamina,37,0.6318681318681318,19,0.48439153439153443,0.0,0.0
hasoccupation,"agriculture, husbandry, and forestry",has_interagent_relationship_type_to,relationship_type,33,0.5313186813186813,26,0.5599623687858982,0.0,0.0
hasoccupation,"agriculture, husbandry, and forestry",has_interagent_relationship_type_to,enslaver,33,0.5313186813186813,23,0.47222222222222215,0.0,0.0
hasoccupation,"agriculture, husbandry, and forestry",is_relationship_to,agent,39,0.51994301994302,24,0.6462962962962963,0.0,0.0
hasoccupation,"agriculture, husbandry, and forestry",is_relationship_to,sir john gladstone,39,0.51994301994302,37,0.6166666666666667,0.0,0.0
hasoccupation,"agriculture, husbandry, and forestry",has_sex,sex_type,30,0.553113553113553,18,0.4537037037037037,0.0,0.0
hasoccupation,"agriculture, husbandry, and forestry",has_sex,male,30,0.553113553113553,15,0.6111111111111112,0.0,0.0
hasoccupation,"agriculture, husbandry, and forestry",has_occupation,occupation,96,0.9833333333333334,17,0.4777777777777777,0.0,0.0
hasoccupation,"agriculture, husbandry, and forestry",has_occupation,carpenter,96,0.9833333333333334,27,0.5145502645502645,0.0,0.0
hasoccupation,"agriculture, husbandry, and forestry",has_age,age,40,0.6263736263736264,15,0.6944444444444443,0.0,0.0
hasoccupation,"agriculture, husbandry, and forestry",has_age,1778,40,0.6263736263736264,0,0.0,0.0,0.0
hasoccupation,"agriculture, husbandry, and forestry",has_birthdate,date_of_birth,38,0.5854700854700855,24,0.4347781847781847,0.0,0.0
hasoccupation,"agriculture, husbandry, and forestry",has_birthdate,1778,38,0.5854700854700855,0,0.0,0.0,0.0
hasoccupation,"agriculture, husbandry, and forestry",has_deathdate,date_of_death,38,0.5897435897435898,24,0.4871794871794872,0.0,0.0
hasoccupation,"agriculture, husbandry, and forestry",has_deathdate,1823,38,0.5897435897435898,0,0.0,0.0,0.0
hasoccupation,"agriculture, husbandry, and forestry",has_person_status,enslaved person,40,0.6119909502262444,27,0.48148148148148145,0.0,0.0
hasoccupation,"agriculture, husbandry, and forestry",has_status_generating_event,event,40,0.5538936372269706,15,0.45,0.0,0.0
hasoccupation,"agriculture, husbandry, and forestry",has_status_generating_event,sale of estate of sir john gladstone,40,0.5538936372269706,33,0.5634920634920636,0.0,0.0
hasoccupation,"agriculture, husbandry, and forestry",recorded_at,event,25,0.47377622377622375,15,0.45,0.0,0.0
hasoccupation,"agriculture, husbandry, and forestry",recorded_at,sale of estate of sir john gladstone,25,0.47377622377622375,33,0.5634920634920636,0.0,0.0
hasoccupation,"agriculture, husbandry, and forestry",has_race_or_color,race_or_color,40,0.653657616892911,24,0.48239723239723237,0.0,0.0
hasoccupation,"agriculture, husbandry, and forestry",has_race_or_color,african,40,0.653657616892911,28,0.6746031746031745,0.0,0.0
hasoccupation,"agriculture, husbandry, and forestry",on the given,"text, the ontology for quamina gladstone is as follows: name record module: 1. has_name(agent, name): has_name(quamina gladstone, 'quamina gladstone') 2. has_surname(agent, surname): has_surname(quamina gladstone, 'gladstone') 3. has_first_name(agent, first_name): has_first_name(quamina gladstone, 'quamina').interagent relationship record module: 1. has_interagent_relationship_type_to(agent, relationship_type): has_interagent_relationship_type_to(quamina gladstone, 'enslaver') 2. is_relationship_to(agent, agent): is_relationship_to(quamina gladstone, 'sir john gladstone'). sex record module: 1. has_sex(agent, sex_type): has_sex(quamina gladstone, 'male'). occupation record module: 1. has_occupation(agent, occupation): has_occupation(quamina gladstone, 'carpenter'). age record module: 1. has_age(agent, age): has_age(quamina gladstone, 1778) 2. has_birthdate(agent, date_of_birth): has_birthdate(quamina gladstone, '1778') 3. has_deathdate(agent, date_of_death): has_deathdate(quamina gladstone, '1823'). person status record module: 1. has_person_status (agent, person_status): has_person_status(quamina gladstone, 'enslaved person') 2. has_status_generating_event(person_status, event): has_status_generating_event(enslaved person, 'sale of estate of sir john gladstone') 3. recorded_at(person_status_information, event): recorded_at(enslaved person, 'sale of estate of sir john gladstone'). race record module: has_race_or_color(agent, race_or_color): has_race_or_color(quamina gladstone, african).  note: the race is not specified in the text, so it is mentioned as african. the birth and death dates are mentioned in parenthesis after the agent name. for example: quamina gladstone (1778 – 1823), was a slave who was killed by british soldiers. here the birth date is 1778 and death date is 1823.  if you don't know the answer, just say that you don't know, don't try to make up an answer.  please let me know if you have any questions or need further clarification.  thank you for your help.  i appreciate it.  have a great day.  good luck with your project.  please let me know if you have any questions or need further clarification.  thank you for your help.  i appreciate it.  have a great day.  good luck with your project.  please let me know if you have any questions or need further clarification.  thank you for your help.  i appreciate it.  have a great day.  good luck with your project.  please let me know if you have any questions or need further clarification.  thank you for your help.  i appreciate it.  have a great day.  good luck with your project.  please let me know if you have any questions or need further clarification.  thank you for your help.  i appreciate it.  have a great day.  good luck with your project.  please let me know if you have any questions or need further clarification.  thank you for your help.  i appreciate it.  have a great day.  good luck with your project.  please let me know if you have any questions or need further clarification.  thank you for your help.  i appreciate it.  have a great day.  good luck with your project.  please let me know if you have any questions or need further clarification.  thank you for your help.  i appreciate it.  have a great day.  good luck with your project.  please let me know if you have any questions or need further clarification.  thank you for your help.  i appreciate it.  have a great day.  good luck with your project.  please let me know if you have any questions or need further clarification.  thank you for your help.  i appreciate it.  have a great day.  good luck with your project.  please let me know if you have any questions or need further clarification.  thank you for your help.  i appreciate it.  have a great day.  good luck with your project.  please let me know if you have any questions or need further clarification.  thank you for your help.  i appreciate it.  have a great day.  good luck with your project.  please let me know if you have any questions or need further clarification.  thank you for your help.  i appreciate it.  have a great day.  good luck with your project.  please let me know if you have any questions or need further clarification.  thank you for your help.  i appreciate it.  have a great day.  good luck with your project.  please let me know if you have any questions or need further clarification.  thank you for your help.  i appreciate it.  have a great day.  good luck with your project.  please let me know if you have any questions or need further clarification.  thank you for your help.  i appreciate it.  have a great day.  good luck with your project.  please let me know if you have any questions or need further clarification.  thank you for your help.  i appreciate it.  have a great day.  good luck with your project.  please let me know if you have any questions or need further clarification.  thank you for your help.  i appreciate it.  have a great day.  good luck with your project.  please let me know if you have any questions or need further clarification.  thank you for your help.  i appreciate it.  have a great day.  good luck with your project.  please let me know if you have any questions or need further clarification.  thank you for your help.  i appreciate it.  have a great day.  good luck with your project.  please let me know if you have any questions or need further clarification.  thank you for your help.  i appreciate it.  have a great day.  good luck with your project.  please let me know if you have any questions or need further clarification.  thank you for your help.  i appreciate it.  have a great day.  good luck with your project.  please let me know if you have any questions or need further clarification.  thank you for your help.  i appreciate it.  have a great day.  good luck with your project.  please let me know if you have any questions or need further clarification.  thank you for your help.  i appreciate it.  have a great day.  good luck with your project.  please let me know if you have any questions or need further clarification.  thank you for your help.  i appreciate it.  have a great day.  good luck with your project.  please let me know if you have any questions or need further clarification.  thank you for your help.  i appreciate it.  have a great day.  good luck with your project.  please let me know if you have any questions or need further clarification.  thank you for your help.  i appreciate it.  have a great day.  good luck with your project.  please let me know if you have any questions or need further clarification.  thank you for your help.  i appreciate it.  have a great day.  good luck with your project.  please let me know if you have any questions or need further clarification.  thank you for your help.  i appreciate it.  have a great day.  good luck with your project.  please let me know if you have any questions or need further clarification.  thank you for your help.  i appreciate it.  have a great day.  good luck with your project.  please let me know if you have any questions or need further clarification.  thank you for your help.  i appreciate it.  have a great day.  good luck with your project.  please let me know if you have any questions or need further clarification.  thank you for your help.  i appreciate it.  have a great day.  good luck with your project.  please let me know if you have any questions or need further clarification.  thank you for your help.  i appreciate it.  have a great day.  good luck with your project.  please let me know if you have any questions or need further clarification.  thank you for your help.  i appreciate it.  have a great day.  good luck with your project.  please let me know if you have any questions or need further clarification.  thank you for your help.  i appreciate it.  have a great day.  good luck with your project.  please let me know if you have any questions or need further clarification.  thank you for your help.  i appreciate it.  have a great day.  good luck with your project.  please let me know if you have any questions or need further clarification.  thank you for your help.  i appreciate it.  have a great day.  good luck with your project.  please let me know if you have any questions or need further clarification.  thank you for your help.  i appreciate it.  have a great",32,0.46367521367521364,1,0.5107000084488379,0.0,0.002403820367311747
hasage,age 30,has_name,name,71,0.8736111111111112,40,0.611111111111111,0.0,0.0
hasage,age 30,has_name,quamina gladstone,71,0.8736111111111112,26,0.4477124183006536,0.0,0.0
hasage,age 30,has_surname,surname,59,0.5909090909090909,31,0.0,0.0,0.0
hasage,age 30,has_surname,gladstone,59,0.5909090909090909,27,0.35185185185185186,0.0,0.0
hasage,age 30,has_first_name,first_name,50,0.5714285714285715,25,0.0,0.0,0.0
hasage,age 30,has_first_name,quamina,50,0.5714285714285715,15,0.4365079365079365,0.0,0.0
hasage,age 30,has_interagent_relationship_type_to,relationship_type,29,0.6682539682539682,17,0.31699346405228757,0.0,0.0
hasage,age 30,has_interagent_relationship_type_to,enslaver,29,0.6682539682539682,29,0.4305555555555555,0.0,0.0
hasage,age 30,is_relationship_to,agent,17,0.4444444444444444,55,0.79,0.0,0.0
hasage,age 30,is_relationship_to,sir john gladstone,17,0.4444444444444444,17,0.3148148148148148,0.0,0.0
hasage,age 30,has_sex,sex_type,62,0.8222222222222222,14,0.4305555555555555,0.0,0.0
hasage,age 30,has_sex,male,62,0.8222222222222222,40,0.611111111111111,0.0,0.0
hasage,age 30,has_occupation,occupation,40,0.6507936507936508,12,0.0,0.0,0.0
hasage,age 30,has_occupation,carpenter,40,0.6507936507936508,27,0.5185185185185185,0.0,0.0
hasage,age 30,has_age,age,92,0.9666666666666667,67,0.8833333333333334,0.0,0.5797386715376658
hasage,age 30,has_age,1778,92,0.9666666666666667,0,0.0,0.0,0.0
hasage,age 30,has_birthdate,date_of_birth,53,0.576923076923077,21,0.49572649572649574,0.0,0.0
hasage,age 30,has_birthdate,1778,53,0.576923076923077,0,0.0,0.0,0.0
hasage,age 30,has_deathdate,date_of_death,53,0.6726495726495726,21,0.49572649572649574,0.0,0.0
hasage,age 30,has_deathdate,1823,53,0.6726495726495726,20,0.47222222222222215,0.0,0.0
hasage,age 30,has_person_status,enslaved person,35,0.6339869281045751,29,0.45555555555555555,0.0,0.0
hasage,age 30,has_status_generating_event,event,36,0.8185185185185185,18,0.45555555555555555,0.0,0.0
hasage,age 30,has_status_generating_event,sale of estate of sir john gladstone,36,0.8185185185185185,14,0.5277777777777778,0.0,0.0
hasage,age 30,recorded_at,event,12,0.41919191919191917,18,0.45555555555555555,0.0,0.0
hasage,age 30,recorded_at,sale of estate of sir john gladstone,12,0.41919191919191917,14,0.5277777777777778,0.0,0.0
hasage,age 30,has_race_or_color,race_or_color,43,0.79640522875817,21,0.49572649572649574,0.0,0.0
hasage,age 30,has_race_or_color,african,43,0.79640522875817,15,0.4365079365079365,0.0,0.0
hasage,age 30,on the given,"text, the ontology for quamina gladstone is as follows: name record module: 1. has_name(agent, name): has_name(quamina gladstone, 'quamina gladstone') 2. has_surname(agent, surname): has_surname(quamina gladstone, 'gladstone') 3. has_first_name(agent, first_name): has_first_name(quamina gladstone, 'quamina').interagent relationship record module: 1. has_interagent_relationship_type_to(agent, relationship_type): has_interagent_relationship_type_to(quamina gladstone, 'enslaver') 2. is_relationship_to(agent, agent): is_relationship_to(quamina gladstone, 'sir john gladstone'). sex record module: 1. has_sex(agent, sex_type): has_sex(quamina gladstone, 'male'). occupation record module: 1. has_occupation(agent, occupation): has_occupation(quamina gladstone, 'carpenter'). age record module: 1. has_age(agent, age): has_age(quamina gladstone, 1778) 2. has_birthdate(agent, date_of_birth): has_birthdate(quamina gladstone, '1778') 3. has_deathdate(agent, date_of_death): has_deathdate(quamina gladstone, '1823'). person status record module: 1. has_person_status (agent, person_status): has_person_status(quamina gladstone, 'enslaved person') 2. has_status_generating_event(person_status, event): has_status_generating_event(enslaved person, 'sale of estate of sir john gladstone') 3. recorded_at(person_status_information, event): recorded_at(enslaved person, 'sale of estate of sir john gladstone'). race record module: has_race_or_color(agent, race_or_color): has_race_or_color(quamina gladstone, african).  note: the race is not specified in the text, so it is mentioned as african. the birth and death dates are mentioned in parenthesis after the agent name. for example: quamina gladstone (1778 – 1823), was a slave who was killed by british soldiers. here the birth date is 1778 and death date is 1823.  if you don't know the answer, just say that you don't know, don't try to make up an answer.  please let me know if you have any questions or need further clarification.  thank you for your help.  i appreciate it.  have a great day.  good luck with your project.  please let me know if you have any questions or need further clarification.  thank you for your help.  i appreciate it.  have a great day.  good luck with your project.  please let me know if you have any questions or need further clarification.  thank you for your help.  i appreciate it.  have a great day.  good luck with your project.  please let me know if you have any questions or need further clarification.  thank you for your help.  i appreciate it.  have a great day.  good luck with your project.  please let me know if you have any questions or need further clarification.  thank you for your help.  i appreciate it.  have a great day.  good luck with your project.  please let me know if you have any questions or need further clarification.  thank you for your help.  i appreciate it.  have a great day.  good luck with your project.  please let me know if you have any questions or need further clarification.  thank you for your help.  i appreciate it.  have a great day.  good luck with your project.  please let me know if you have any questions or need further clarification.  thank you for your help.  i appreciate it.  have a great day.  good luck with your project.  please let me know if you have any questions or need further clarification.  thank you for your help.  i appreciate it.  have a great day.  good luck with your project.  please let me know if you have any questions or need further clarification.  thank you for your help.  i appreciate it.  have a great day.  good luck with your project.  please let me know if you have any questions or need further clarification.  thank you for your help.  i appreciate it.  have a great day.  good luck with your project.  please let me know if you have any questions or need further clarification.  thank you for your help.  i appreciate it.  have a great day.  good luck with your project.  please let me know if you have any questions or need further clarification.  thank you for your help.  i appreciate it.  have a great day.  good luck with your project.  please let me know if you have any questions or need further clarification.  thank you for your help.  i appreciate it.  have a great day.  good luck with your project.  please let me know if you have any questions or need further clarification.  thank you for your help.  i appreciate it.  have a great day.  good luck with your project.  please let me know if you have any questions or need further clarification.  thank you for your help.  i appreciate it.  have a great day.  good luck with your project.  please let me know if you have any questions or need further clarification.  thank you for your help.  i appreciate it.  have a great day.  good luck with your project.  please let me know if you have any questions or need further clarification.  thank you for your help.  i appreciate it.  have a great day.  good luck with your project.  please let me know if you have any questions or need further clarification.  thank you for your help.  i appreciate it.  have a great day.  good luck with your project.  please let me know if you have any questions or need further clarification.  thank you for your help.  i appreciate it.  have a great day.  good luck with your project.  please let me know if you have any questions or need further clarification.  thank you for your help.  i appreciate it.  have a great day.  good luck with your project.  please let me know if you have any questions or need further clarification.  thank you for your help.  i appreciate it.  have a great day.  good luck with your project.  please let me know if you have any questions or need further clarification.  thank you for your help.  i appreciate it.  have a great day.  good luck with your project.  please let me know if you have any questions or need further clarification.  thank you for your help.  i appreciate it.  have a great day.  good luck with your project.  please let me know if you have any questions or need further clarification.  thank you for your help.  i appreciate it.  have a great day.  good luck with your project.  please let me know if you have any questions or need further clarification.  thank you for your help.  i appreciate it.  have a great day.  good luck with your project.  please let me know if you have any questions or need further clarification.  thank you for your help.  i appreciate it.  have a great day.  good luck with your project.  please let me know if you have any questions or need further clarification.  thank you for your help.  i appreciate it.  have a great day.  good luck with your project.  please let me know if you have any questions or need further clarification.  thank you for your help.  i appreciate it.  have a great day.  good luck with your project.  please let me know if you have any questions or need further clarification.  thank you for your help.  i appreciate it.  have a great day.  good luck with your project.  please let me know if you have any questions or need further clarification.  thank you for your help.  i appreciate it.  have a great day.  good luck with your project.  please let me know if you have any questions or need further clarification.  thank you for your help.  i appreciate it.  have a great day.  good luck with your project.  please let me know if you have any questions or need further clarification.  thank you for your help.  i appreciate it.  have a great day.  good luck with your project.  please let me know if you have any questions or need further clarification.  thank you for your help.  i appreciate it.  have a great day.  good luck with your project.  please let me know if you have any questions or need further clarification.  thank you for your help.  i appreciate it.  have a great day.  good luck with your project.  please let me know if you have any questions or need further clarification.  thank you for your help.  i appreciate it.  have a great day.  good luck with your project.  please let me know if you have any questions or need further clarification.  thank you for your help.  i appreciate it.  have a great day.  good luck with your project.  please let me know if you have any questions or need further clarification.  thank you for your help.  i appreciate it.  have a great",33,0.47222222222222215,0,0.4779778818318859,0.0,0.003667544700507165
hasinteragentrelationshiptypeto,enslaver or owner,has_name,name,31,0.5922939068100358,29,0.5310457516339869,0.0,0.0
hasinteragentrelationshiptypeto,enslaver or owner,has_name,quamina gladstone,31,0.5922939068100358,35,0.5126050420168067,0.0,0.0
hasinteragentrelationshiptypeto,enslaver or owner,has_surname,surname,33,0.5254852674207513,33,0.5361344537815126,0.0,0.0
hasinteragentrelationshiptypeto,enslaver or owner,has_surname,gladstone,33,0.5254852674207513,38,0.5065359477124183,0.0,0.0
hasinteragentrelationshiptypeto,enslaver or owner,has_first_name,first_name,36,0.6122887864823349,22,0.46470588235294114,0.0,0.0
hasinteragentrelationshiptypeto,enslaver or owner,has_first_name,quamina,36,0.6122887864823349,17,0.3011204481792717,0.0,0.0
hasinteragentrelationshiptypeto,enslaver or owner,has_interagent_relationship_type_to,relationship_type,94,0.9733333333333334,35,0.5220588235294118,0.0,0.0
hasinteragentrelationshiptypeto,enslaver or owner,has_interagent_relationship_type_to,enslaver,94,0.9733333333333334,64,0.8941176470588236,0.0,0.4494364165239821
hasinteragentrelationshiptypeto,enslaver or owner,is_relationship_to,agent,61,0.6558393070489844,27,0.48104575163398694,0.0,0.0
hasinteragentrelationshiptypeto,enslaver or owner,is_relationship_to,sir john gladstone,61,0.6558393070489844,46,0.6618142206377501,0.0,0.0
hasinteragentrelationshiptypeto,enslaver or owner,has_sex,sex_type,26,0.5668202764976958,24,0.406045751633987,0.0,0.0
hasinteragentrelationshiptypeto,enslaver or owner,has_sex,male,26,0.5668202764976958,19,0.5310457516339869,0.0,0.0
hasinteragentrelationshiptypeto,enslaver or owner,has_occupation,occupation,36,0.5264976958525346,22,0.49215686274509807,0.0,0.0
hasinteragentrelationshiptypeto,enslaver or owner,has_occupation,carpenter,36,0.5264976958525346,38,0.5620915032679737,0.0,0.0
hasinteragentrelationshiptypeto,enslaver or owner,has_age,age,32,0.6280081925243216,20,0.42810457516339867,0.0,0.0
hasinteragentrelationshiptypeto,enslaver or owner,has_age,1778,32,0.6280081925243216,0,0.0,0.0,0.0
hasinteragentrelationshiptypeto,enslaver or owner,has_birthdate,date_of_birth,41,0.6306038047973532,27,0.3476621417797889,0.0,0.0
hasinteragentrelationshiptypeto,enslaver or owner,has_birthdate,1778,41,0.6306038047973532,0,0.0,0.0,0.0
hasinteragentrelationshiptypeto,enslaver or owner,has_deathdate,date_of_death,41,0.5972704714640199,27,0.3476621417797889,0.0,0.0
hasinteragentrelationshiptypeto,enslaver or owner,has_deathdate,1823,41,0.5972704714640199,0,0.0,0.0,0.0
hasinteragentrelationshiptypeto,enslaver or owner,has_person_status,enslaved person,42,0.5763900868265195,69,0.867843137254902,0.0,0.0
hasinteragentrelationshiptypeto,enslaver or owner,has_status_generating_event,event,52,0.6619673436877739,36,0.5950980392156863,0.0,0.0
hasinteragentrelationshiptypeto,enslaver or owner,has_status_generating_event,sale of estate of sir john gladstone,52,0.6619673436877739,42,0.5686274509803922,0.0,0.0
hasinteragentrelationshiptypeto,enslaver or owner,recorded_at,event,29,0.41300097751710657,36,0.5950980392156863,0.0,0.0
hasinteragentrelationshiptypeto,enslaver or owner,recorded_at,sale of estate of sir john gladstone,29,0.41300097751710657,42,0.5686274509803922,0.0,0.0
hasinteragentrelationshiptypeto,enslaver or owner,has_race_or_color,race_or_color,38,0.49546700400590343,40,0.5703242835595778,0.0,0.0
hasinteragentrelationshiptypeto,enslaver or owner,has_race_or_color,african,38,0.49546700400590343,25,0.4239028944911298,0.0,0.0
hasinteragentrelationshiptypeto,enslaver or owner,on the given,"text, the ontology for quamina gladstone is as follows: name record module: 1. has_name(agent, name): has_name(quamina gladstone, 'quamina gladstone') 2. has_surname(agent, surname): has_surname(quamina gladstone, 'gladstone') 3. has_first_name(agent, first_name): has_first_name(quamina gladstone, 'quamina').interagent relationship record module: 1. has_interagent_relationship_type_to(agent, relationship_type): has_interagent_relationship_type_to(quamina gladstone, 'enslaver') 2. is_relationship_to(agent, agent): is_relationship_to(quamina gladstone, 'sir john gladstone'). sex record module: 1. has_sex(agent, sex_type): has_sex(quamina gladstone, 'male'). occupation record module: 1. has_occupation(agent, occupation): has_occupation(quamina gladstone, 'carpenter'). age record module: 1. has_age(agent, age): has_age(quamina gladstone, 1778) 2. has_birthdate(agent, date_of_birth): has_birthdate(quamina gladstone, '1778') 3. has_deathdate(agent, date_of_death): has_deathdate(quamina gladstone, '1823'). person status record module: 1. has_person_status (agent, person_status): has_person_status(quamina gladstone, 'enslaved person') 2. has_status_generating_event(person_status, event): has_status_generating_event(enslaved person, 'sale of estate of sir john gladstone') 3. recorded_at(person_status_information, event): recorded_at(enslaved person, 'sale of estate of sir john gladstone'). race record module: has_race_or_color(agent, race_or_color): has_race_or_color(quamina gladstone, african).  note: the race is not specified in the text, so it is mentioned as african. the birth and death dates are mentioned in parenthesis after the agent name. for example: quamina gladstone (1778 – 1823), was a slave who was killed by british soldiers. here the birth date is 1778 and death date is 1823.  if you don't know the answer, just say that you don't know, don't try to make up an answer.  please let me know if you have any questions or need further clarification.  thank you for your help.  i appreciate it.  have a great day.  good luck with your project.  please let me know if you have any questions or need further clarification.  thank you for your help.  i appreciate it.  have a great day.  good luck with your project.  please let me know if you have any questions or need further clarification.  thank you for your help.  i appreciate it.  have a great day.  good luck with your project.  please let me know if you have any questions or need further clarification.  thank you for your help.  i appreciate it.  have a great day.  good luck with your project.  please let me know if you have any questions or need further clarification.  thank you for your help.  i appreciate it.  have a great day.  good luck with your project.  please let me know if you have any questions or need further clarification.  thank you for your help.  i appreciate it.  have a great day.  good luck with your project.  please let me know if you have any questions or need further clarification.  thank you for your help.  i appreciate it.  have a great day.  good luck with your project.  please let me know if you have any questions or need further clarification.  thank you for your help.  i appreciate it.  have a great day.  good luck with your project.  please let me know if you have any questions or need further clarification.  thank you for your help.  i appreciate it.  have a great day.  good luck with your project.  please let me know if you have any questions or need further clarification.  thank you for your help.  i appreciate it.  have a great day.  good luck with your project.  please let me know if you have any questions or need further clarification.  thank you for your help.  i appreciate it.  have a great day.  good luck with your project.  please let me know if you have any questions or need further clarification.  thank you for your help.  i appreciate it.  have a great day.  good luck with your project.  please let me know if you have any questions or need further clarification.  thank you for your help.  i appreciate it.  have a great day.  good luck with your project.  please let me know if you have any questions or need further clarification.  thank you for your help.  i appreciate it.  have a great day.  good luck with your project.  please let me know if you have any questions or need further clarification.  thank you for your help.  i appreciate it.  have a great day.  good luck with your project.  please let me know if you have any questions or need further clarification.  thank you for your help.  i appreciate it.  have a great day.  good luck with your project.  please let me know if you have any questions or need further clarification.  thank you for your help.  i appreciate it.  have a great day.  good luck with your project.  please let me know if you have any questions or need further clarification.  thank you for your help.  i appreciate it.  have a great day.  good luck with your project.  please let me know if you have any questions or need further clarification.  thank you for your help.  i appreciate it.  have a great day.  good luck with your project.  please let me know if you have any questions or need further clarification.  thank you for your help.  i appreciate it.  have a great day.  good luck with your project.  please let me know if you have any questions or need further clarification.  thank you for your help.  i appreciate it.  have a great day.  good luck with your project.  please let me know if you have any questions or need further clarification.  thank you for your help.  i appreciate it.  have a great day.  good luck with your project.  please let me know if you have any questions or need further clarification.  thank you for your help.  i appreciate it.  have a great day.  good luck with your project.  please let me know if you have any questions or need further clarification.  thank you for your help.  i appreciate it.  have a great day.  good luck with your project.  please let me know if you have any questions or need further clarification.  thank you for your help.  i appreciate it.  have a great day.  good luck with your project.  please let me know if you have any questions or need further clarification.  thank you for your help.  i appreciate it.  have a great day.  good luck with your project.  please let me know if you have any questions or need further clarification.  thank you for your help.  i appreciate it.  have a great day.  good luck with your project.  please let me know if you have any questions or need further clarification.  thank you for your help.  i appreciate it.  have a great day.  good luck with your project.  please let me know if you have any questions or need further clarification.  thank you for your help.  i appreciate it.  have a great day.  good luck with your project.  please let me know if you have any questions or need further clarification.  thank you for your help.  i appreciate it.  have a great day.  good luck with your project.  please let me know if you have any questions or need further clarification.  thank you for your help.  i appreciate it.  have a great day.  good luck with your project.  please let me know if you have any questions or need further clarification.  thank you for your help.  i appreciate it.  have a great day.  good luck with your project.  please let me know if you have any questions or need further clarification.  thank you for your help.  i appreciate it.  have a great day.  good luck with your project.  please let me know if you have any questions or need further clarification.  thank you for your help.  i appreciate it.  have a great day.  good luck with your project.  please let me know if you have any questions or need further clarification.  thank you for your help.  i appreciate it.  have a great day.  good luck with your project.  please let me know if you have any questions or need further clarification.  thank you for your help.  i appreciate it.  have a great day.  good luck with your project.  please let me know if you have any questions or need further clarification.  thank you for your help.  i appreciate it.  have a great day.  good luck with your project.  please let me know if you have any questions or need further clarification.  thank you for your help.  i appreciate it.  have a great",28,0.5165770609318997,0,0.53009211848985,0.0,0.06231121381889667
