Truth Predicate,Truth Object,Generated Predicate,Generated Object,Predicate Fuzzy Ratio,Predicate Jaro-Winkler,Object Fuzzy Ratio,Object Jaro-Winkler,Predicate Cosine Similarity,Object Cosine Similarity
instance of,person,on the,"text, the following ontology relations can be populated:",35,0.5909090909090909,13,0.49603174603174605,0.0,0.0
instance of,person,record,module:,24,0.41919191919191917,15,0.0,0.0,0.0
instance of,person,has_name,name,32,0.537878787878788,20,0.47222222222222215,0.0,0.0
instance of,person,has_name,lewis garrard clarke,32,0.537878787878788,15,0.4388888888888889,0.0,0.0
instance of,person,garrard,"clarke, 'lewis garrard clarke')",11,0.41125541125541126,11,0.4211469534050179,0.0,0.0
instance of,person,has_surname,surname,27,0.49242424242424243,31,0.5396825396825397,0.0,0.0
instance of,person,has_surname,clarke,27,0.49242424242424243,17,0.4444444444444444,0.0,0.0
instance of,person,garrard,"clarke, 'clarke')",11,0.41125541125541126,17,0.31699346405228757,0.0,0.0
instance of,person,has_first_name,first_name,40,0.5692640692640693,38,0.6,0.0,0.0
instance of,person,has_first_name,lewis,40,0.5692640692640693,36,0.5777777777777778,0.0,0.0
instance of,person,garrard,"clarke, 'lewis')",11,0.41125541125541126,18,0.3194444444444444,0.0,0.0
instance of,person,relationship record,module:,33,0.5494417862838915,15,0.0,0.0,0.0
instance of,person,has_interagent_relationship_type_to,relationship_type,30,0.5269480519480519,26,0.5758169934640524,0.0,0.0
instance of,person,has_interagent_relationship_type_to,enslaver,30,0.5269480519480519,29,0.5277777777777778,0.0,0.0
instance of,person,garrard,"clarke, 'enslaver')",11,0.41125541125541126,16,0.4590643274853801,0.0,0.0
instance of,person,is_relationship_to,agent,34,0.5798460798460798,36,0.5777777777777778,0.0,0.0
instance of,person,is_relationship_to,samuel campbell,34,0.5798460798460798,19,0.32222222222222224,0.0,0.0
instance of,person,garrard,"clarke, 'samuel campbell')",11,0.41125541125541126,12,0.42735042735042733,0.0,0.0
instance of,person,record,module:,24,0.41919191919191917,15,0.0,0.0,0.0
instance of,person,has_sex,sex_type,22,0.45598845598845594,29,0.3611111111111111,0.0,0.0
instance of,person,has_sex,male,22,0.45598845598845594,20,0.47222222222222215,0.0,0.0
instance of,person,garrard,"clarke, 'male')",11,0.41125541125541126,10,0.32222222222222224,0.0,0.0
instance of,person,record,module:,24,0.41919191919191917,15,0.0,0.0,0.0
instance of,person,has_occupation,occupation,24,0.38311688311688313,38,0.48888888888888893,0.0,0.0
instance of,person,has_occupation,slave,24,0.38311688311688313,18,0.0,0.0,0.0
instance of,person,has_occupation,educator,24,0.38311688311688313,29,0.5277777777777778,0.0,0.0
instance of,person,has_occupation,lawyer,24,0.38311688311688313,33,0.0,0.0,0.0
instance of,person,has_occupation,and autobiographer,24,0.38311688311688313,25,0.3148148148148148,0.0,0.0
instance of,person,garrard,"clarke, 'slave, educator, lawyer, and autobiographer')",11,0.41125541125541126,13,0.49691358024691357,0.0,0.0
instance of,person,record,module:,24,0.41919191919191917,15,0.0,0.0,0.0
instance of,person,has_age,age,33,0.45598845598845594,22,0.5,0.0,0.0
instance of,person,has_age,?,33,0.45598845598845594,0,0.0,0.0,0.0
instance of,person,garrard,"clarke,?) (note: the age is not mentioned in the text)",11,0.41125541125541126,13,0.508641975308642,0.0,0.0
instance of,person,has_birthdate,date_of_birth,33,0.5463869463869464,21,0.49572649572649574,0.0,0.0
instance of,person,has_birthdate,?,33,0.5463869463869464,0,0.0,0.0,0.0
instance of,person,garrard,"clarke,?) (note: the birth date is not mentioned in the text)",11,0.41125541125541126,15,0.4107468123861566,0.0,0.0
instance of,person,has_deathdate,date_of_death,33,0.39044289044289043,21,0.49572649572649574,0.0,0.0
instance of,person,has_deathdate,?,33,0.39044289044289043,0,0.0,0.0,0.0
instance of,person,garrard,"clarke,?) (note: the death date is not mentioned in the text)",11,0.41125541125541126,12,0.4107468123861566,0.0,0.0
instance of,person,status record,module:,42,0.6773226773226773,15,0.0,0.0,0.0
instance of,person,has_person_status,enslaved person,29,0.449554367201426,57,0.45555555555555555,0.0,0.5797386715376658
instance of,person,has_person_status,ex-slave,29,0.449554367201426,29,0.5277777777777778,0.0,0.0
instance of,person,garrard,"clarke, 'enslaved person, ex-slave')",11,0.41125541125541126,29,0.4259259259259259,0.0,0.33517574332792605
instance of,person,record,module:,24,0.41919191919191917,15,0.0,0.0,0.0
instance of,person,has_race_or_color,race_or_color,36,0.5162210338680927,32,0.46581196581196577,0.0,0.0
instance of,person,has_race_or_color,african-american,36,0.5162210338680927,27,0.4861111111111111,0.0,0.0
instance of,person,has_race_or_color,race_or_color,36,0.5162210338680927,32,0.46581196581196577,0.0,0.0
instance of,person,has_race_or_color,african-american,36,0.5162210338680927,27,0.4861111111111111,0.0,0.0
instance of,person,has_race_or_color,race_or_color,36,0.5162210338680927,32,0.46581196581196577,0.0,0.0
instance of,person,has_race_or_color,african-american,36,0.5162210338680927,27,0.4861111111111111,0.0,0.0
instance of,person,has_race_or_color,race_or_color,36,0.5162210338680927,32,0.46581196581196577,0.0,0.0
instance of,person,has_race_or_color,african-american,36,0.5162210338680927,27,0.4861111111111111,0.0,0.0
instance of,person,has_race_or_color,race_or_color,36,0.5162210338680927,32,0.46581196581196577,0.0,0.0
instance of,person,has_race_or_color,african-american,36,0.5162210338680927,27,0.4861111111111111,0.0,0.0
instance of,person,has_race_or_color,race_or_color,36,0.5162210338680927,32,0.46581196581196577,0.0,0.0
instance of,person,has_race_or_color,african-american,36,0.5162210338680927,27,0.4861111111111111,0.0,0.0
instance of,person,has_race_or_color,race_or_color,36,0.5162210338680927,32,0.46581196581196577,0.0,0.0
instance of,person,has_race_or_color,african-american,36,0.5162210338680927,27,0.4861111111111111,0.0,0.0
instance of,person,has_race_or_color,race_or_color,36,0.5162210338680927,32,0.46581196581196577,0.0,0.0
instance of,person,has_race_or_color,african-american,36,0.5162210338680927,27,0.4861111111111111,0.0,0.0
instance of,person,has_race_or_color,race_or_color,36,0.5162210338680927,32,0.46581196581196577,0.0,0.0
instance of,person,has_race_or_color,african-american,36,0.5162210338680927,27,0.4861111111111111,0.0,0.0
instance of,person,has_race_or_color,race_or_color,36,0.5162210338680927,32,0.46581196581196577,0.0,0.0
instance of,person,has_race_or_color,african-american,36,0.5162210338680927,27,0.4861111111111111,0.0,0.0
instance of,person,has_race_or_color,race_or_color,36,0.5162210338680927,32,0.46581196581196577,0.0,0.0
instance of,person,has_race_or_color,african-american,36,0.5162210338680927,27,0.4861111111111111,0.0,0.0
instance of,person,has_race_or_color,race_or_color,36,0.5162210338680927,32,0.46581196581196577,0.0,0.0
instance of,person,has_race_or_color,african-american,36,0.5162210338680927,27,0.4861111111111111,0.0,0.0
instance of,person,has_race_or_color,race_or_color,36,0.5162210338680927,32,0.46581196581196577,0.0,0.0
instance of,person,has_race_or_color,african-american,36,0.5162210338680927,27,0.4861111111111111,0.0,0.0
instance of,person,has_race_or_color,race_or_color,36,0.5162210338680927,32,0.46581196581196577,0.0,0.0
instance of,person,has_race_or_color,african-american,36,0.5162210338680927,27,0.4861111111111111,0.0,0.0
instance of,person,has_race_or_color,race_or_color,36,0.5162210338680927,32,0.46581196581196577,0.0,0.0
instance of,person,has_race_or_color,african-american,36,0.5162210338680927,27,0.4861111111111111,0.0,0.0
instance of,person,has_race_or_color,race_or_color,36,0.5162210338680927,32,0.46581196581196577,0.0,0.0
instance of,person,has_race_or_color,african-american,36,0.5162210338680927,27,0.4861111111111111,0.0,0.0
instance of,person,has_race_or_color,race_or_color,36,0.5162210338680927,32,0.46581196581196577,0.0,0.0
instance of,person,has_race_or_color,african-american,36,0.5162210338680927,27,0.4861111111111111,0.0,0.0
instance of,person,has_race_or_color,race_or_color,36,0.5162210338680927,32,0.46581196581196577,0.0,0.0
instance of,person,has_race_or_color,african-american,36,0.5162210338680927,27,0.4861111111111111,0.0,0.0
instance of,person,has_race_or_color,race_or_color,36,0.5162210338680927,32,0.46581196581196577,0.0,0.0
instance of,person,has_race_or_color,african-american,36,0.5162210338680927,27,0.4861111111111111,0.0,0.0
instance of,person,has_race_or_color,race_or_color,36,0.5162210338680927,32,0.46581196581196577,0.0,0.0
instance of,person,has_race_or_color,african-american,36,0.5162210338680927,27,0.4861111111111111,0.0,0.0
instance of,person,has_race_or_color,race_or_color,36,0.5162210338680927,32,0.46581196581196577,0.0,0.0
instance of,person,has_race_or_color,african-american,36,0.5162210338680927,27,0.4861111111111111,0.0,0.0
instance of,person,has_race_or_color,race_or_color,36,0.5162210338680927,32,0.46581196581196577,0.0,0.0
instance of,person,has_race_or_color,african-american,36,0.5162210338680927,27,0.4861111111111111,0.0,0.0
instance of,person,has_race_or_color,race_or_color,36,0.5162210338680927,32,0.46581196581196577,0.0,0.0
instance of,person,has_race_or_color,african-american,36,0.5162210338680927,27,0.4861111111111111,0.0,0.0
instance of,person,has_race_or_color,race_orcolor,36,0.5162210338680927,33,0.47222222222222215,0.0,0.0
instance of,person,has_race_or_color,african-american,36,0.5162210338680927,27,0.4861111111111111,0.0,0.0
instance of,person,has_race_or_color,race_orcolor,36,0.5162210338680927,33,0.47222222222222215,0.0,0.0
instance of,person,has_race_orcolor,african-american,37,0.5223484848484848,27,0.4861111111111111,0.0,0.0
instance of,person,has_race_orcolor,race_orcolor,37,0.5223484848484848,33,0.47222222222222215,0.0,0.0
instance of,person,has_race_orcolor,african-american,37,0.5223484848484848,27,0.4861111111111111,0.0,0.0
instance of,person,has_race_orcolor,race_orcolor,37,0.5223484848484848,33,0.47222222222222215,0.0,0.0
instance of,person,has_race_orcolor,african-american,37,0.5223484848484848,27,0.4861111111111111,0.0,0.0
instance of,person,has_race_orcolor,race_orcolor,37,0.5223484848484848,33,0.47222222222222215,0.0,0.0
instance of,person,has_race_orcolor,african-american,37,0.5223484848484848,27,0.4861111111111111,0.0,0.0
instance of,person,has_race_orcolor,race_orcolor,37,0.5223484848484848,33,0.47222222222222215,0.0,0.0
instance of,person,has_race_orcolor,african-american,37,0.5223484848484848,27,0.4861111111111111,0.0,0.0
instance of,person,has_race_orcolor,race_orcolor,37,0.5223484848484848,33,0.47222222222222215,0.0,0.0
instance of,person,has_race_orcolor,african-american,37,0.5223484848484848,27,0.4861111111111111,0.0,0.0
instance of,person,has_race_orcolor,race_orcolor,37,0.5223484848484848,33,0.47222222222222215,0.0,0.0
instance of,person,has_race_orcolor,african-american,37,0.5223484848484848,27,0.4861111111111111,0.0,0.0
instance of,person,has_race_orcolor,race_orcolor,37,0.5223484848484848,33,0.47222222222222215,0.0,0.0
instance of,person,has_race_orcolor,african-american,37,0.5223484848484848,27,0.4861111111111111,0.0,0.0
instance of,person,has_race_orcolor,race_orcolor,37,0.5223484848484848,33,0.47222222222222215,0.0,0.0
instance of,person,has_race_orcolor,african-american,37,0.5223484848484848,27,0.4861111111111111,0.0,0.0
instance of,person,has_race_orcolor,race_orcolor,37,0.5223484848484848,33,0.47222222222222215,0.0,0.0
instance of,person,has_race_orcolor,african-american,37,0.5223484848484848,27,0.4861111111111111,0.0,0.0
instance of,person,has_race_orcolor,race_orcolor,37,0.5223484848484848,33,0.47222222222222215,0.0,0.0
instance of,person,has_race_orcolor,african-american,37,0.5223484848484848,27,0.4861111111111111,0.0,0.0
instance of,person,has_race_orcolor,race_orcolor,37,0.5223484848484848,33,0.47222222222222215,0.0,0.0
instance of,person,has_race_orcolor,african-american,37,0.5223484848484848,27,0.4861111111111111,0.0,0.0
instance of,person,has_race_orcolor,race_orcolor,37,0.5223484848484848,33,0.47222222222222215,0.0,0.0
instance of,person,has_race_orcolor,african-american,37,0.5223484848484848,27,0.4861111111111111,0.0,0.0
instance of,person,has_race_orcolor,race_orcolor,37,0.5223484848484848,33,0.47222222222222215,0.0,0.0
instance of,person,has_race_orcolor,african-american,37,0.5223484848484848,27,0.4861111111111111,0.0,0.0
instance of,person,has_race_orcolor,race_orcolor,37,0.5223484848484848,33,0.47222222222222215,0.0,0.0
instance of,person,has_race_orcolor,african-american,37,0.5223484848484848,27,0.4861111111111111,0.0,0.0
instance of,person,has_race_orcolor,race_orcolor,37,0.5223484848484848,33,0.47222222222222215,0.0,0.0
instance of,person,has_race_orcolor,african-american,37,0.5223484848484848,27,0.4861111111111111,0.0,0.0
instance of,person,has_race_orcolor,race_orcolor,37,0.5223484848484848,33,0.47222222222222215,0.0,0.0
instance of,person,has_race_orcolor,african-american,37,0.5223484848484848,27,0.4861111111111111,0.0,0.0
instance of,person,has_race_orcolor,race_orcolor,37,0.5223484848484848,33,0.47222222222222215,0.0,0.0
instance of,person,has_race_orcolor,african-american,37,0.5223484848484848,27,0.4861111111111111,0.0,0.0
instance of,person,has_race_orcolor,race_orcolor,37,0.5223484848484848,33,0.47222222222222215,0.0,0.0
instance of,person,has_race_orcolor,african-american,37,0.5223484848484848,27,0.4861111111111111,0.0,0.0
instance of,person,has_race_orcolor,race_orcolor,37,0.5223484848484848,33,0.47222222222222215,0.0,0.0
instance of,person,has_race_orcolor,african-american,37,0.5223484848484848,27,0.4861111111111111,0.0,0.0
instance of,person,has_race_orcolor,race_orcolor,37,0.5223484848484848,33,0.47222222222222215,0.0,0.0
instance of,person,has_race_orcolor,african-american,37,0.5223484848484848,27,0.4861111111111111,0.0,0.0
instance of,person,has_race_orcolor,race_orcolor,37,0.5223484848484848,33,0.47222222222222215,0.0,0.0
instance of,person,has_race_orcolor,african-american,37,0.5223484848484848,27,0.4861111111111111,0.0,0.0
instance of,person,has_race_orcolor,race_orcolor,37,0.5223484848484848,33,0.47222222222222215,0.0,0.0
instance of,person,has_race_orcolor,african-american,37,0.5223484848484848,27,0.4861111111111111,0.0,0.0
instance of,person,has_race_orcolor,race_orcolor,37,0.5223484848484848,33,0.47222222222222215,0.0,0.0
instance of,person,has_race_orcolor,african-american,37,0.5223484848484848,27,0.4861111111111111,0.0,0.0
instance of,person,has_race_orcolor,race_orcolor,37,0.5223484848484848,33,0.47222222222222215,0.0,0.0
instance of,person,has_race_orcolor,african-american,37,0.5223484848484848,27,0.4861111111111111,0.0,0.0
instance of,person,has_race_orcolor,race_orcolor,37,0.5223484848484848,33,0.47222222222222215,0.0,0.0
instance of,person,has_race_orcolor,african-american,37,0.5223484848484848,27,0.4861111111111111,0.0,0.0
instance of,person,has_race_orcolor,race_orcolor,37,0.5223484848484848,33,0.47222222222222215,0.0,0.0
instance of,person,has_race_orcolor,african-american,37,0.5223484848484848,27,0.4861111111111111,0.0,0.0
instance of,person,has_race_orcolor,race_orcolor,37,0.5223484848484848,33,0.47222222222222215,0.0,0.0
instance of,person,has_race_orcolor,african-american,37,0.5223484848484848,27,0.4861111111111111,0.0,0.0
instance of,person,has_race_orcolor,race_orcolor,37,0.5223484848484848,33,0.47222222222222215,0.0,0.0
instance of,person,has_race_orcolor,african-american,37,0.5223484848484848,27,0.4861111111111111,0.0,0.0
instance of,person,has_race_orcolor,race_orcolor,37,0.5223484848484848,33,0.47222222222222215,0.0,0.0
instance of,person,has_race_orcolor,african-american,37,0.5223484848484848,27,0.4861111111111111,0.0,0.0
instance of,person,has_race_orcolor,race_orcolor,37,0.5223484848484848,33,0.47222222222222215,0.0,0.0
instance of,person,has_race_orcolor,african-american,37,0.5223484848484848,27,0.4861111111111111,0.0,0.0
instance of,person,has_race_orcolor,race_orcolor,37,0.5223484848484848,33,0.47222222222222215,0.0,0.0
instance of,person,has_race_orcolor,african-american,37,0.5223484848484848,27,0.4861111111111111,0.0,0.0
instance of,person,has_race_orcolor,race_orcolor,37,0.5223484848484848,33,0.47222222222222215,0.0,0.0
instance of,person,has_race_orcolor,african-american,37,0.5223484848484848,27,0.4861111111111111,0.0,0.0
instance of,person,has_race_orcolor,race_orcolor,37,0.5223484848484848,33,0.47222222222222215,0.0,0.0
instance of,person,garrard,"clarke, african-american) 2. has_race_or_color(agent, race_or_color): has_race_or_color(lewis garrard clarke, african-american) 3. has_race_or_color(agent, race_or_color): has_race_or_color(lewis garrard clarke, african-american) 4. has_race_or_color(agent, race_or_color): has_race_or_color(lewis garrard clarke, african-american) 5. has_race_or_color(agent, race_or_color): has_race_or_color(lewis garrard clarke, african-american) 6. has_race_or_color(agent, race_or_color): has_race_or_color(lewis garrard clarke, african-american) 7. has_race_or_color(agent, race_or_color): has_race_or_color(lewis garrard clarke, african-american) 8. has_race_or_color(agent, race_or_color): has_race_or_color(lewis garrard clarke, african-american) 9. has_race_or_color(agent, race_or_color): has_race_or_color(lewis garrard clarke, african-american) 10. has_race_or_color(agent, race_or_color): has_race_or_color(lewis garrard clarke, african-american) 11. has_race_or_color(agent, race_or_color): has_race_or_color(lewis garrard clarke, african-american) 12. has_race_or_color(agent, race_or_color): has_race_or_color(lewis garrard clarke, african-american) 13. has_race_or_color(agent, race_or_color): has_race_or_color(lewis garrard clarke, african-american) 14. has_race_or_color(agent, race_or_color): has_race_or_color(lewis garrard clarke, african-american) 15. has_race_or_color(agent, race_or_color): has_race_or_color(lewis garrard clarke, african-american) 16. has_race_or_color(agent, race_or_color): has_race_or_color(lewis garrard clarke, african-american) 17. has_race_or_color(agent, race_or_color): has_race_or_color(lewis garrard clarke, african-american) 18. has_race_or_color(agent, race_or_color): has_race_or_color(lewis garrard clarke, african-american) 19. has_race_or_color(agent, race_or_color): has_race_or_color(lewis garrard clarke, african-american) 20. has_race_or_color(agent, race_or_color): has_race_or_color(lewis garrard clarke, african-american) 21. has_race_or_color(agent, race_or_color): has_race_or_color(lewis garrard clarke, african-american) 22. has_race_or_color(agent, race_or_color): has_race_or_color(lewis garrard clarke, african-american) 23. has_race_or_color(agent, race_or_color): has_race_or_color(lewis garrard clarke, african-american) 24. has_race_or_color(agent, race_orcolor): has_race_or_color(lewis garrard clarke, african-american) 25. has_race_or_color(agent, race_orcolor): has_race_orcolor(lewis garrard clarke, african-american) 26. has_race_orcolor(agent, race_orcolor): has_race_orcolor(lewis garrard clarke, african-american) 27. has_race_orcolor(agent, race_orcolor): has_race_orcolor(lewis garrard clarke, african-american) 28. has_race_orcolor(agent, race_orcolor): has_race_orcolor(lewis garrard clarke, african-american) 29. has_race_orcolor(agent, race_orcolor): has_race_orcolor(lewis garrard clarke, african-american) 30. has_race_orcolor(agent, race_orcolor): has_race_orcolor(lewis garrard clarke, african-american) 31. has_race_orcolor(agent, race_orcolor): has_race_orcolor(lewis garrard clarke, african-american) 32. has_race_orcolor(agent, race_orcolor): has_race_orcolor(lewis garrard clarke, african-american) 33. has_race_orcolor(agent, race_orcolor): has_race_orcolor(lewis garrard clarke, african-american) 34. has_race_orcolor(agent, race_orcolor): has_race_orcolor(lewis garrard clarke, african-american) 35. has_race_orcolor(agent, race_orcolor): has_race_orcolor(lewis garrard clarke, african-american) 36. has_race_orcolor(agent, race_orcolor): has_race_orcolor(lewis garrard clarke, african-american) 37. has_race_orcolor(agent, race_orcolor): has_race_orcolor(lewis garrard clarke, african-american) 38. has_race_orcolor(agent, race_orcolor): has_race_orcolor(lewis garrard clarke, african-american) 39. has_race_orcolor(agent, race_orcolor): has_race_orcolor(lewis garrard clarke, african-american) 40. has_race_orcolor(agent, race_orcolor): has_race_orcolor(lewis garrard clarke, african-american) 41. has_race_orcolor(agent, race_orcolor): has_race_orcolor(lewis garrard clarke, african-american) 42. has_race_orcolor(agent, race_orcolor): has_race_orcolor(lewis garrard clarke, african-american) 43. has_race_orcolor(agent, race_orcolor): has_race_orcolor(lewis garrard clarke, african-american) 44. has_race_orcolor(agent, race_orcolor): has_race_orcolor(lewis garrard clarke, african-american) 45. has_race_orcolor(agent, race_orcolor): has_race_orcolor(lewis garrard clarke, african-american) 46. has_race_orcolor(agent, race_orcolor): has_race_orcolor(lewis garrard clarke, african-american) 47. has_race_orcolor(agent, race_orcolor): has_race_orcolor(lewis garrard clarke, african-american) 48. has_race_orcolor(agent, race_orcolor): has_race_orcolor(lewis garrard clarke, african-american) 49. has_race_orcolor(agent, race_orcolor): has_race_orcolor(lewis garrard clarke, african-american) 50. has_race_orcolor(agent, race_orcolor): has_race_orcolor(lewis garrard clarke, african-american) 51. has_race_orcolor(agent, race_orcolor): has_race_orcolor(lewis garrard clarke, african-american) 52. has_race_orcolor(agent, race_orcolor): has_race_orcolor(lewis garrard clarke, african-american) 53. has_race_orcolor(agent, race_orcolor): has_race_orcolor(lewis garrard clarke, african-american) 54. has_race_orcolor(agent, race_orcolor): has_race_orcolor(lewis garrard clarke, african-american) 55. has_race_orcolor(agent, race_orcolor): has_race_orcolor(lewis garrard clarke, african-american) 56. has_race_orcolor(agent, race_orcolor): has_race_orcolor(lewis garrard clarke, african-american) 57. has_race_orcolor(agent, race_orcolor): has_race_orcolor(lewis garrard clarke, african-american) 58. has_race_orcolor(agent, race_orcolor): has_race_or",11,0.41125541125541126,0,0.47806808724767275,0.0,0.0
hassex,male,on the,"text, the following ontology relations can be populated:",33,0.4444444444444444,10,0.3452380952380952,0.0,0.0
hassex,male,record,module:,17,0.0,55,0.7535714285714287,0.0,0.0
hassex,male,has_name,name,57,0.8055555555555556,50,0.6666666666666666,0.0,0.0
hassex,male,has_name,lewis garrard clarke,57,0.8055555555555556,25,0.5222222222222223,0.0,0.0
hassex,male,garrard,"clarke, 'lewis garrard clarke')",15,0.4365079365079365,17,0.5044802867383512,0.0,0.0
hassex,male,has_surname,surname,59,0.6767676767676768,36,0.0,0.0,0.0
hassex,male,has_surname,clarke,59,0.6767676767676768,40,0.6388888888888888,0.0,0.0
hassex,male,garrard,"clarke, 'clarke')",15,0.4365079365079365,29,0.5310457516339869,0.0,0.0
hassex,male,has_first_name,first_name,50,0.6507936507936508,29,0.0,0.0,0.0
hassex,male,has_first_name,lewis,50,0.6507936507936508,44,0.0,0.0,0.0
hassex,male,garrard,"clarke, 'lewis')",15,0.4365079365079365,30,0.5347222222222222,0.0,0.0
hassex,male,relationship record,module:,24,0.44152046783625726,55,0.7535714285714287,0.0,0.0
hassex,male,has_interagent_relationship_type_to,relationship_type,24,0.5936507936507937,19,0.5310457516339869,0.0,0.0
hassex,male,has_interagent_relationship_type_to,enslaver,24,0.5936507936507937,33,0.5972222222222222,0.0,0.0
hassex,male,garrard,"clarke, 'enslaver')",15,0.4365079365079365,26,0.5248538011695906,0.0,0.0
hassex,male,is_relationship_to,agent,17,0.46296296296296297,44,0.6333333333333333,0.0,0.0
hassex,male,is_relationship_to,samuel campbell,17,0.46296296296296297,32,0.5888888888888889,0.0,0.0
hassex,male,garrard,"clarke, 'samuel campbell')",15,0.4365079365079365,20,0.6346153846153846,0.0,0.0
hassex,male,record,module:,17,0.0,55,0.7535714285714287,0.0,0.0
hassex,male,has_sex,sex_type,92,0.9666666666666667,17,0.4583333333333333,0.0,0.0
hassex,male,has_sex,male,92,0.9666666666666667,100,1.0,0.0,1.0
hassex,male,garrard,"clarke, 'male')",15,0.4365079365079365,42,0.5388888888888889,0.0,0.5797386715376658
hassex,male,record,module:,17,0.0,55,0.7535714285714287,0.0,0.0
hassex,male,has_occupation,occupation,30,0.5714285714285715,14,0.45,0.0,0.0
hassex,male,has_occupation,slave,30,0.5714285714285715,44,0.6722222222222222,0.0,0.0
hassex,male,has_occupation,educator,30,0.5714285714285715,17,0.4166666666666667,0.0,0.0
hassex,male,has_occupation,lawyer,30,0.5714285714285715,40,0.6388888888888888,0.0,0.0
hassex,male,has_occupation,and autobiographer,30,0.5714285714285715,18,0.4351851851851852,0.0,0.0
hassex,male,garrard,"clarke, 'slave, educator, lawyer, and autobiographer')",15,0.4365079365079365,10,0.49074074074074076,0.0,0.0
hassex,male,record,module:,17,0.0,55,0.7535714285714287,0.0,0.0
hassex,male,has_age,age,62,0.8222222222222222,57,0.7222222222222222,0.0,0.0
hassex,male,has_age,?,62,0.8222222222222222,0,0.0,0.0,0.0
hassex,male,garrard,"clarke,?) (note: the age is not mentioned in the text)",15,0.4365079365079365,7,0.49074074074074076,0.0,0.0
hassex,male,has_birthdate,date_of_birth,42,0.576923076923077,24,0.5512820512820512,0.0,0.0
hassex,male,has_birthdate,?,42,0.576923076923077,0,0.0,0.0,0.0
hassex,male,garrard,"clarke,?) (note: the birth date is not mentioned in the text)",15,0.4365079365079365,6,0.4886156648451731,0.0,0.0
hassex,male,has_deathdate,date_of_death,42,0.6581196581196581,24,0.5512820512820512,0.0,0.0
hassex,male,has_deathdate,?,42,0.6581196581196581,0,0.0,0.0,0.0
hassex,male,garrard,"clarke,?) (note: the death date is not mentioned in the text)",15,0.4365079365079365,6,0.4886156648451731,0.0,0.0
hassex,male,status record,module:,32,0.5747863247863249,55,0.7535714285714287,0.0,0.0
hassex,male,has_person_status,enslaved person,35,0.642483660130719,21,0.5388888888888889,0.0,0.0
hassex,male,has_person_status,ex-slave,35,0.642483660130719,33,0.4166666666666667,0.0,0.0
hassex,male,garrard,"clarke, 'enslaved person, ex-slave')",15,0.4365079365079365,15,0.5,0.0,0.0
hassex,male,record,module:,17,0.0,55,0.7535714285714287,0.0,0.0
hassex,male,has_race_or_color,race_or_color,35,0.6339869281045751,24,0.5512820512820512,0.0,0.0
hassex,male,has_race_or_color,african-american,35,0.6339869281045751,20,0.5416666666666666,0.0,0.0
hassex,male,has_race_or_color,race_or_color,35,0.6339869281045751,24,0.5512820512820512,0.0,0.0
hassex,male,has_race_or_color,african-american,35,0.6339869281045751,20,0.5416666666666666,0.0,0.0
hassex,male,has_race_or_color,race_or_color,35,0.6339869281045751,24,0.5512820512820512,0.0,0.0
hassex,male,has_race_or_color,african-american,35,0.6339869281045751,20,0.5416666666666666,0.0,0.0
hassex,male,has_race_or_color,race_or_color,35,0.6339869281045751,24,0.5512820512820512,0.0,0.0
hassex,male,has_race_or_color,african-american,35,0.6339869281045751,20,0.5416666666666666,0.0,0.0
hassex,male,has_race_or_color,race_or_color,35,0.6339869281045751,24,0.5512820512820512,0.0,0.0
hassex,male,has_race_or_color,african-american,35,0.6339869281045751,20,0.5416666666666666,0.0,0.0
hassex,male,has_race_or_color,race_or_color,35,0.6339869281045751,24,0.5512820512820512,0.0,0.0
hassex,male,has_race_or_color,african-american,35,0.6339869281045751,20,0.5416666666666666,0.0,0.0
hassex,male,has_race_or_color,race_or_color,35,0.6339869281045751,24,0.5512820512820512,0.0,0.0
hassex,male,has_race_or_color,african-american,35,0.6339869281045751,20,0.5416666666666666,0.0,0.0
hassex,male,has_race_or_color,race_or_color,35,0.6339869281045751,24,0.5512820512820512,0.0,0.0
hassex,male,has_race_or_color,african-american,35,0.6339869281045751,20,0.5416666666666666,0.0,0.0
hassex,male,has_race_or_color,race_or_color,35,0.6339869281045751,24,0.5512820512820512,0.0,0.0
hassex,male,has_race_or_color,african-american,35,0.6339869281045751,20,0.5416666666666666,0.0,0.0
hassex,male,has_race_or_color,race_or_color,35,0.6339869281045751,24,0.5512820512820512,0.0,0.0
hassex,male,has_race_or_color,african-american,35,0.6339869281045751,20,0.5416666666666666,0.0,0.0
hassex,male,has_race_or_color,race_or_color,35,0.6339869281045751,24,0.5512820512820512,0.0,0.0
hassex,male,has_race_or_color,african-american,35,0.6339869281045751,20,0.5416666666666666,0.0,0.0
hassex,male,has_race_or_color,race_or_color,35,0.6339869281045751,24,0.5512820512820512,0.0,0.0
hassex,male,has_race_or_color,african-american,35,0.6339869281045751,20,0.5416666666666666,0.0,0.0
hassex,male,has_race_or_color,race_or_color,35,0.6339869281045751,24,0.5512820512820512,0.0,0.0
hassex,male,has_race_or_color,african-american,35,0.6339869281045751,20,0.5416666666666666,0.0,0.0
hassex,male,has_race_or_color,race_or_color,35,0.6339869281045751,24,0.5512820512820512,0.0,0.0
hassex,male,has_race_or_color,african-american,35,0.6339869281045751,20,0.5416666666666666,0.0,0.0
hassex,male,has_race_or_color,race_or_color,35,0.6339869281045751,24,0.5512820512820512,0.0,0.0
hassex,male,has_race_or_color,african-american,35,0.6339869281045751,20,0.5416666666666666,0.0,0.0
hassex,male,has_race_or_color,race_or_color,35,0.6339869281045751,24,0.5512820512820512,0.0,0.0
hassex,male,has_race_or_color,african-american,35,0.6339869281045751,20,0.5416666666666666,0.0,0.0
hassex,male,has_race_or_color,race_or_color,35,0.6339869281045751,24,0.5512820512820512,0.0,0.0
hassex,male,has_race_or_color,african-american,35,0.6339869281045751,20,0.5416666666666666,0.0,0.0
hassex,male,has_race_or_color,race_or_color,35,0.6339869281045751,24,0.5512820512820512,0.0,0.0
hassex,male,has_race_or_color,african-american,35,0.6339869281045751,20,0.5416666666666666,0.0,0.0
hassex,male,has_race_or_color,race_or_color,35,0.6339869281045751,24,0.5512820512820512,0.0,0.0
hassex,male,has_race_or_color,african-american,35,0.6339869281045751,20,0.5416666666666666,0.0,0.0
hassex,male,has_race_or_color,race_or_color,35,0.6339869281045751,24,0.5512820512820512,0.0,0.0
hassex,male,has_race_or_color,african-american,35,0.6339869281045751,20,0.5416666666666666,0.0,0.0
hassex,male,has_race_or_color,race_or_color,35,0.6339869281045751,24,0.5512820512820512,0.0,0.0
hassex,male,has_race_or_color,african-american,35,0.6339869281045751,20,0.5416666666666666,0.0,0.0
hassex,male,has_race_or_color,race_or_color,35,0.6339869281045751,24,0.5512820512820512,0.0,0.0
hassex,male,has_race_or_color,african-american,35,0.6339869281045751,20,0.5416666666666666,0.0,0.0
hassex,male,has_race_or_color,race_or_color,35,0.6339869281045751,24,0.5512820512820512,0.0,0.0
hassex,male,has_race_or_color,african-american,35,0.6339869281045751,20,0.5416666666666666,0.0,0.0
hassex,male,has_race_or_color,race_orcolor,35,0.6339869281045751,25,0.5555555555555555,0.0,0.0
hassex,male,has_race_or_color,african-american,35,0.6339869281045751,20,0.5416666666666666,0.0,0.0
hassex,male,has_race_or_color,race_orcolor,35,0.6339869281045751,25,0.5555555555555555,0.0,0.0
hassex,male,has_race_orcolor,african-american,36,0.6388888888888888,20,0.5416666666666666,0.0,0.0
hassex,male,has_race_orcolor,race_orcolor,36,0.6388888888888888,25,0.5555555555555555,0.0,0.0
hassex,male,has_race_orcolor,african-american,36,0.6388888888888888,20,0.5416666666666666,0.0,0.0
hassex,male,has_race_orcolor,race_orcolor,36,0.6388888888888888,25,0.5555555555555555,0.0,0.0
hassex,male,has_race_orcolor,african-american,36,0.6388888888888888,20,0.5416666666666666,0.0,0.0
hassex,male,has_race_orcolor,race_orcolor,36,0.6388888888888888,25,0.5555555555555555,0.0,0.0
hassex,male,has_race_orcolor,african-american,36,0.6388888888888888,20,0.5416666666666666,0.0,0.0
hassex,male,has_race_orcolor,race_orcolor,36,0.6388888888888888,25,0.5555555555555555,0.0,0.0
hassex,male,has_race_orcolor,african-american,36,0.6388888888888888,20,0.5416666666666666,0.0,0.0
hassex,male,has_race_orcolor,race_orcolor,36,0.6388888888888888,25,0.5555555555555555,0.0,0.0
hassex,male,has_race_orcolor,african-american,36,0.6388888888888888,20,0.5416666666666666,0.0,0.0
hassex,male,has_race_orcolor,race_orcolor,36,0.6388888888888888,25,0.5555555555555555,0.0,0.0
hassex,male,has_race_orcolor,african-american,36,0.6388888888888888,20,0.5416666666666666,0.0,0.0
hassex,male,has_race_orcolor,race_orcolor,36,0.6388888888888888,25,0.5555555555555555,0.0,0.0
hassex,male,has_race_orcolor,african-american,36,0.6388888888888888,20,0.5416666666666666,0.0,0.0
hassex,male,has_race_orcolor,race_orcolor,36,0.6388888888888888,25,0.5555555555555555,0.0,0.0
hassex,male,has_race_orcolor,african-american,36,0.6388888888888888,20,0.5416666666666666,0.0,0.0
hassex,male,has_race_orcolor,race_orcolor,36,0.6388888888888888,25,0.5555555555555555,0.0,0.0
hassex,male,has_race_orcolor,african-american,36,0.6388888888888888,20,0.5416666666666666,0.0,0.0
hassex,male,has_race_orcolor,race_orcolor,36,0.6388888888888888,25,0.5555555555555555,0.0,0.0
hassex,male,has_race_orcolor,african-american,36,0.6388888888888888,20,0.5416666666666666,0.0,0.0
hassex,male,has_race_orcolor,race_orcolor,36,0.6388888888888888,25,0.5555555555555555,0.0,0.0
hassex,male,has_race_orcolor,african-american,36,0.6388888888888888,20,0.5416666666666666,0.0,0.0
hassex,male,has_race_orcolor,race_orcolor,36,0.6388888888888888,25,0.5555555555555555,0.0,0.0
hassex,male,has_race_orcolor,african-american,36,0.6388888888888888,20,0.5416666666666666,0.0,0.0
hassex,male,has_race_orcolor,race_orcolor,36,0.6388888888888888,25,0.5555555555555555,0.0,0.0
hassex,male,has_race_orcolor,african-american,36,0.6388888888888888,20,0.5416666666666666,0.0,0.0
hassex,male,has_race_orcolor,race_orcolor,36,0.6388888888888888,25,0.5555555555555555,0.0,0.0
hassex,male,has_race_orcolor,african-american,36,0.6388888888888888,20,0.5416666666666666,0.0,0.0
hassex,male,has_race_orcolor,race_orcolor,36,0.6388888888888888,25,0.5555555555555555,0.0,0.0
hassex,male,has_race_orcolor,african-american,36,0.6388888888888888,20,0.5416666666666666,0.0,0.0
hassex,male,has_race_orcolor,race_orcolor,36,0.6388888888888888,25,0.5555555555555555,0.0,0.0
hassex,male,has_race_orcolor,african-american,36,0.6388888888888888,20,0.5416666666666666,0.0,0.0
hassex,male,has_race_orcolor,race_orcolor,36,0.6388888888888888,25,0.5555555555555555,0.0,0.0
hassex,male,has_race_orcolor,african-american,36,0.6388888888888888,20,0.5416666666666666,0.0,0.0
hassex,male,has_race_orcolor,race_orcolor,36,0.6388888888888888,25,0.5555555555555555,0.0,0.0
hassex,male,has_race_orcolor,african-american,36,0.6388888888888888,20,0.5416666666666666,0.0,0.0
hassex,male,has_race_orcolor,race_orcolor,36,0.6388888888888888,25,0.5555555555555555,0.0,0.0
hassex,male,has_race_orcolor,african-american,36,0.6388888888888888,20,0.5416666666666666,0.0,0.0
hassex,male,has_race_orcolor,race_orcolor,36,0.6388888888888888,25,0.5555555555555555,0.0,0.0
hassex,male,has_race_orcolor,african-american,36,0.6388888888888888,20,0.5416666666666666,0.0,0.0
hassex,male,has_race_orcolor,race_orcolor,36,0.6388888888888888,25,0.5555555555555555,0.0,0.0
hassex,male,has_race_orcolor,african-american,36,0.6388888888888888,20,0.5416666666666666,0.0,0.0
hassex,male,has_race_orcolor,race_orcolor,36,0.6388888888888888,25,0.5555555555555555,0.0,0.0
hassex,male,has_race_orcolor,african-american,36,0.6388888888888888,20,0.5416666666666666,0.0,0.0
hassex,male,has_race_orcolor,race_orcolor,36,0.6388888888888888,25,0.5555555555555555,0.0,0.0
hassex,male,has_race_orcolor,african-american,36,0.6388888888888888,20,0.5416666666666666,0.0,0.0
hassex,male,has_race_orcolor,race_orcolor,36,0.6388888888888888,25,0.5555555555555555,0.0,0.0
hassex,male,has_race_orcolor,african-american,36,0.6388888888888888,20,0.5416666666666666,0.0,0.0
hassex,male,has_race_orcolor,race_orcolor,36,0.6388888888888888,25,0.5555555555555555,0.0,0.0
hassex,male,has_race_orcolor,african-american,36,0.6388888888888888,20,0.5416666666666666,0.0,0.0
hassex,male,has_race_orcolor,race_orcolor,36,0.6388888888888888,25,0.5555555555555555,0.0,0.0
hassex,male,has_race_orcolor,african-american,36,0.6388888888888888,20,0.5416666666666666,0.0,0.0
hassex,male,has_race_orcolor,race_orcolor,36,0.6388888888888888,25,0.5555555555555555,0.0,0.0
hassex,male,has_race_orcolor,african-american,36,0.6388888888888888,20,0.5416666666666666,0.0,0.0
hassex,male,has_race_orcolor,race_orcolor,36,0.6388888888888888,25,0.5555555555555555,0.0,0.0
hassex,male,has_race_orcolor,african-american,36,0.6388888888888888,20,0.5416666666666666,0.0,0.0
hassex,male,has_race_orcolor,race_orcolor,36,0.6388888888888888,25,0.5555555555555555,0.0,0.0
hassex,male,has_race_orcolor,african-american,36,0.6388888888888888,20,0.5416666666666666,0.0,0.0
hassex,male,has_race_orcolor,race_orcolor,36,0.6388888888888888,25,0.5555555555555555,0.0,0.0
hassex,male,has_race_orcolor,african-american,36,0.6388888888888888,20,0.5416666666666666,0.0,0.0
hassex,male,has_race_orcolor,race_orcolor,36,0.6388888888888888,25,0.5555555555555555,0.0,0.0
hassex,male,has_race_orcolor,african-american,36,0.6388888888888888,20,0.5416666666666666,0.0,0.0
hassex,male,has_race_orcolor,race_orcolor,36,0.6388888888888888,25,0.5555555555555555,0.0,0.0
hassex,male,has_race_orcolor,african-american,36,0.6388888888888888,20,0.5416666666666666,0.0,0.0
hassex,male,has_race_orcolor,race_orcolor,36,0.6388888888888888,25,0.5555555555555555,0.0,0.0
hassex,male,garrard,"clarke, african-american) 2. has_race_or_color(agent, race_or_color): has_race_or_color(lewis garrard clarke, african-american) 3. has_race_or_color(agent, race_or_color): has_race_or_color(lewis garrard clarke, african-american) 4. has_race_or_color(agent, race_or_color): has_race_or_color(lewis garrard clarke, african-american) 5. has_race_or_color(agent, race_or_color): has_race_or_color(lewis garrard clarke, african-american) 6. has_race_or_color(agent, race_or_color): has_race_or_color(lewis garrard clarke, african-american) 7. has_race_or_color(agent, race_or_color): has_race_or_color(lewis garrard clarke, african-american) 8. has_race_or_color(agent, race_or_color): has_race_or_color(lewis garrard clarke, african-american) 9. has_race_or_color(agent, race_or_color): has_race_or_color(lewis garrard clarke, african-american) 10. has_race_or_color(agent, race_or_color): has_race_or_color(lewis garrard clarke, african-american) 11. has_race_or_color(agent, race_or_color): has_race_or_color(lewis garrard clarke, african-american) 12. has_race_or_color(agent, race_or_color): has_race_or_color(lewis garrard clarke, african-american) 13. has_race_or_color(agent, race_or_color): has_race_or_color(lewis garrard clarke, african-american) 14. has_race_or_color(agent, race_or_color): has_race_or_color(lewis garrard clarke, african-american) 15. has_race_or_color(agent, race_or_color): has_race_or_color(lewis garrard clarke, african-american) 16. has_race_or_color(agent, race_or_color): has_race_or_color(lewis garrard clarke, african-american) 17. has_race_or_color(agent, race_or_color): has_race_or_color(lewis garrard clarke, african-american) 18. has_race_or_color(agent, race_or_color): has_race_or_color(lewis garrard clarke, african-american) 19. has_race_or_color(agent, race_or_color): has_race_or_color(lewis garrard clarke, african-american) 20. has_race_or_color(agent, race_or_color): has_race_or_color(lewis garrard clarke, african-american) 21. has_race_or_color(agent, race_or_color): has_race_or_color(lewis garrard clarke, african-american) 22. has_race_or_color(agent, race_or_color): has_race_or_color(lewis garrard clarke, african-american) 23. has_race_or_color(agent, race_or_color): has_race_or_color(lewis garrard clarke, african-american) 24. has_race_or_color(agent, race_orcolor): has_race_or_color(lewis garrard clarke, african-american) 25. has_race_or_color(agent, race_orcolor): has_race_orcolor(lewis garrard clarke, african-american) 26. has_race_orcolor(agent, race_orcolor): has_race_orcolor(lewis garrard clarke, african-american) 27. has_race_orcolor(agent, race_orcolor): has_race_orcolor(lewis garrard clarke, african-american) 28. has_race_orcolor(agent, race_orcolor): has_race_orcolor(lewis garrard clarke, african-american) 29. has_race_orcolor(agent, race_orcolor): has_race_orcolor(lewis garrard clarke, african-american) 30. has_race_orcolor(agent, race_orcolor): has_race_orcolor(lewis garrard clarke, african-american) 31. has_race_orcolor(agent, race_orcolor): has_race_orcolor(lewis garrard clarke, african-american) 32. has_race_orcolor(agent, race_orcolor): has_race_orcolor(lewis garrard clarke, african-american) 33. has_race_orcolor(agent, race_orcolor): has_race_orcolor(lewis garrard clarke, african-american) 34. has_race_orcolor(agent, race_orcolor): has_race_orcolor(lewis garrard clarke, african-american) 35. has_race_orcolor(agent, race_orcolor): has_race_orcolor(lewis garrard clarke, african-american) 36. has_race_orcolor(agent, race_orcolor): has_race_orcolor(lewis garrard clarke, african-american) 37. has_race_orcolor(agent, race_orcolor): has_race_orcolor(lewis garrard clarke, african-american) 38. has_race_orcolor(agent, race_orcolor): has_race_orcolor(lewis garrard clarke, african-american) 39. has_race_orcolor(agent, race_orcolor): has_race_orcolor(lewis garrard clarke, african-american) 40. has_race_orcolor(agent, race_orcolor): has_race_orcolor(lewis garrard clarke, african-american) 41. has_race_orcolor(agent, race_orcolor): has_race_orcolor(lewis garrard clarke, african-american) 42. has_race_orcolor(agent, race_orcolor): has_race_orcolor(lewis garrard clarke, african-american) 43. has_race_orcolor(agent, race_orcolor): has_race_orcolor(lewis garrard clarke, african-american) 44. has_race_orcolor(agent, race_orcolor): has_race_orcolor(lewis garrard clarke, african-american) 45. has_race_orcolor(agent, race_orcolor): has_race_orcolor(lewis garrard clarke, african-american) 46. has_race_orcolor(agent, race_orcolor): has_race_orcolor(lewis garrard clarke, african-american) 47. has_race_orcolor(agent, race_orcolor): has_race_orcolor(lewis garrard clarke, african-american) 48. has_race_orcolor(agent, race_orcolor): has_race_orcolor(lewis garrard clarke, african-american) 49. has_race_orcolor(agent, race_orcolor): has_race_orcolor(lewis garrard clarke, african-american) 50. has_race_orcolor(agent, race_orcolor): has_race_orcolor(lewis garrard clarke, african-american) 51. has_race_orcolor(agent, race_orcolor): has_race_orcolor(lewis garrard clarke, african-american) 52. has_race_orcolor(agent, race_orcolor): has_race_orcolor(lewis garrard clarke, african-american) 53. has_race_orcolor(agent, race_orcolor): has_race_orcolor(lewis garrard clarke, african-american) 54. has_race_orcolor(agent, race_orcolor): has_race_orcolor(lewis garrard clarke, african-american) 55. has_race_orcolor(agent, race_orcolor): has_race_orcolor(lewis garrard clarke, african-american) 56. has_race_orcolor(agent, race_orcolor): has_race_orcolor(lewis garrard clarke, african-american) 57. has_race_orcolor(agent, race_orcolor): has_race_orcolor(lewis garrard clarke, african-american) 58. has_race_orcolor(agent, race_orcolor): has_race_or",15,0.4365079365079365,0,0.5835655809092493,0.0,0.0
hasparticipantrole,child,on the,"text, the following ontology relations can be populated:",25,0.3148148148148148,13,0.44007936507936507,0.0,0.0
hasparticipantrole,child,record,module:,25,0.48148148148148145,17,0.3952380952380952,0.0,0.0
hasparticipantrole,child,has_name,name,38,0.5675925925925926,0,0.0,0.0,0.0
hasparticipantrole,child,has_name,lewis garrard clarke,38,0.5675925925925926,16,0.47222222222222215,0.0,0.0
hasparticipantrole,child,garrard,"clarke, 'lewis garrard clarke')",32,0.42063492063492064,17,0.4544802867383512,0.0,0.0
hasparticipantrole,child,has_surname,surname,41,0.6274651274651274,0,0.0,0.0,0.0
hasparticipantrole,child,has_surname,clarke,41,0.6274651274651274,36,0.5777777777777778,0.0,0.0
hasparticipantrole,child,garrard,"clarke, 'clarke')",32,0.42063492063492064,18,0.5058823529411764,0.0,0.0
hasparticipantrole,child,has_first_name,first_name,44,0.6772486772486772,13,0.43333333333333335,0.0,0.0
hasparticipantrole,child,has_first_name,lewis,44,0.6772486772486772,20,0.4666666666666666,0.0,0.0
hasparticipantrole,child,garrard,"clarke, 'lewis')",32,0.42063492063492064,19,0.5083333333333333,0.0,0.0
hasparticipantrole,child,relationship record,module:,38,0.5994152046783626,17,0.3952380952380952,0.0,0.0
hasparticipantrole,child,has_interagent_relationship_type_to,relationship_type,42,0.6570105820105819,18,0.33921568627450976,0.0,0.0
hasparticipantrole,child,has_interagent_relationship_type_to,enslaver,42,0.6570105820105819,15,0.44166666666666665,0.0,0.0
hasparticipantrole,child,garrard,"clarke, 'enslaver')",32,0.42063492063492064,17,0.5017543859649123,0.0,0.0
hasparticipantrole,child,is_relationship_to,agent,44,0.6037037037037037,0,0.0,0.0,0.0
hasparticipantrole,child,is_relationship_to,samuel campbell,44,0.6037037037037037,20,0.4222222222222222,0.0,0.0
hasparticipantrole,child,garrard,"clarke, 'samuel campbell')",32,0.42063492063492064,13,0.49230769230769234,0.0,0.0
hasparticipantrole,child,record,module:,25,0.48148148148148145,17,0.3952380952380952,0.0,0.0
hasparticipantrole,child,has_sex,sex_type,32,0.5317460317460317,0,0.0,0.0,0.0
hasparticipantrole,child,has_sex,male,32,0.5317460317460317,22,0.48333333333333334,0.0,0.0
hasparticipantrole,child,garrard,"clarke, 'male')",32,0.42063492063492064,20,0.5111111111111111,0.0,0.0
hasparticipantrole,child,record,module:,25,0.48148148148148145,17,0.3952380952380952,0.0,0.0
hasparticipantrole,child,has_occupation,occupation,50,0.6566137566137565,27,0.43333333333333335,0.0,0.0
hasparticipantrole,child,has_occupation,slave,50,0.6566137566137565,20,0.0,0.0,0.0
hasparticipantrole,child,has_occupation,educator,50,0.6566137566137565,15,0.3833333333333333,0.0,0.0
hasparticipantrole,child,has_occupation,lawyer,50,0.6566137566137565,18,0.0,0.0,0.0
hasparticipantrole,child,has_occupation,and autobiographer,50,0.6566137566137565,9,0.337037037037037,0.0,0.0
hasparticipantrole,child,garrard,"clarke, 'slave, educator, lawyer, and autobiographer')",32,0.42063492063492064,10,0.5518518518518518,0.0,0.0
hasparticipantrole,child,record,module:,25,0.48148148148148145,17,0.3952380952380952,0.0,0.0
hasparticipantrole,child,has_age,age,40,0.5978835978835978,0,0.0,0.0,0.0
hasparticipantrole,child,has_age,?,40,0.5978835978835978,0,0.0,0.0,0.0
hasparticipantrole,child,garrard,"clarke,?) (note: the age is not mentioned in the text)",32,0.42063492063492064,14,0.5413580246913581,0.0,0.0
hasparticipantrole,child,has_birthdate,date_of_birth,52,0.6937321937321936,11,0.4256410256410256,0.0,0.0
hasparticipantrole,child,has_birthdate,?,52,0.6937321937321936,0,0.0,0.0,0.0
hasparticipantrole,child,garrard,"clarke,?) (note: the birth date is not mentioned in the text)",32,0.42063492063492064,12,0.6273224043715847,0.0,0.0
hasparticipantrole,child,has_deathdate,date_of_death,52,0.6866096866096866,11,0.4256410256410256,0.0,0.0
hasparticipantrole,child,has_deathdate,?,52,0.6866096866096866,0,0.0,0.0,0.0
hasparticipantrole,child,garrard,"clarke,?) (note: the death date is not mentioned in the text)",32,0.42063492063492064,12,0.5385245901639344,0.0,0.0
hasparticipantrole,child,status record,module:,39,0.4995929995929996,17,0.3952380952380952,0.0,0.0
hasparticipantrole,child,has_person_status,enslaved person,46,0.6479302832244008,20,0.5111111111111111,0.0,0.0
hasparticipantrole,child,has_person_status,ex-slave,46,0.6479302832244008,15,0.44166666666666665,0.0,0.0
hasparticipantrole,child,garrard,"clarke, 'enslaved person, ex-slave')",32,0.42063492063492064,15,0.5611111111111111,0.0,0.0
hasparticipantrole,child,record,module:,25,0.48148148148148145,17,0.3952380952380952,0.0,0.0
hasparticipantrole,child,has_race_or_color,race_or_color,46,0.60239651416122,22,0.4256410256410256,0.0,0.0
hasparticipantrole,child,has_race_or_color,african-american,46,0.60239651416122,19,0.3416666666666666,0.0,0.0
hasparticipantrole,child,has_race_or_color,race_or_color,46,0.60239651416122,22,0.4256410256410256,0.0,0.0
hasparticipantrole,child,has_race_or_color,african-american,46,0.60239651416122,19,0.3416666666666666,0.0,0.0
hasparticipantrole,child,has_race_or_color,race_or_color,46,0.60239651416122,22,0.4256410256410256,0.0,0.0
hasparticipantrole,child,has_race_or_color,african-american,46,0.60239651416122,19,0.3416666666666666,0.0,0.0
hasparticipantrole,child,has_race_or_color,race_or_color,46,0.60239651416122,22,0.4256410256410256,0.0,0.0
hasparticipantrole,child,has_race_or_color,african-american,46,0.60239651416122,19,0.3416666666666666,0.0,0.0
hasparticipantrole,child,has_race_or_color,race_or_color,46,0.60239651416122,22,0.4256410256410256,0.0,0.0
hasparticipantrole,child,has_race_or_color,african-american,46,0.60239651416122,19,0.3416666666666666,0.0,0.0
hasparticipantrole,child,has_race_or_color,race_or_color,46,0.60239651416122,22,0.4256410256410256,0.0,0.0
hasparticipantrole,child,has_race_or_color,african-american,46,0.60239651416122,19,0.3416666666666666,0.0,0.0
hasparticipantrole,child,has_race_or_color,race_or_color,46,0.60239651416122,22,0.4256410256410256,0.0,0.0
hasparticipantrole,child,has_race_or_color,african-american,46,0.60239651416122,19,0.3416666666666666,0.0,0.0
hasparticipantrole,child,has_race_or_color,race_or_color,46,0.60239651416122,22,0.4256410256410256,0.0,0.0
hasparticipantrole,child,has_race_or_color,african-american,46,0.60239651416122,19,0.3416666666666666,0.0,0.0
hasparticipantrole,child,has_race_or_color,race_or_color,46,0.60239651416122,22,0.4256410256410256,0.0,0.0
hasparticipantrole,child,has_race_or_color,african-american,46,0.60239651416122,19,0.3416666666666666,0.0,0.0
hasparticipantrole,child,has_race_or_color,race_or_color,46,0.60239651416122,22,0.4256410256410256,0.0,0.0
hasparticipantrole,child,has_race_or_color,african-american,46,0.60239651416122,19,0.3416666666666666,0.0,0.0
hasparticipantrole,child,has_race_or_color,race_or_color,46,0.60239651416122,22,0.4256410256410256,0.0,0.0
hasparticipantrole,child,has_race_or_color,african-american,46,0.60239651416122,19,0.3416666666666666,0.0,0.0
hasparticipantrole,child,has_race_or_color,race_or_color,46,0.60239651416122,22,0.4256410256410256,0.0,0.0
hasparticipantrole,child,has_race_or_color,african-american,46,0.60239651416122,19,0.3416666666666666,0.0,0.0
hasparticipantrole,child,has_race_or_color,race_or_color,46,0.60239651416122,22,0.4256410256410256,0.0,0.0
hasparticipantrole,child,has_race_or_color,african-american,46,0.60239651416122,19,0.3416666666666666,0.0,0.0
hasparticipantrole,child,has_race_or_color,race_or_color,46,0.60239651416122,22,0.4256410256410256,0.0,0.0
hasparticipantrole,child,has_race_or_color,african-american,46,0.60239651416122,19,0.3416666666666666,0.0,0.0
hasparticipantrole,child,has_race_or_color,race_or_color,46,0.60239651416122,22,0.4256410256410256,0.0,0.0
hasparticipantrole,child,has_race_or_color,african-american,46,0.60239651416122,19,0.3416666666666666,0.0,0.0
hasparticipantrole,child,has_race_or_color,race_or_color,46,0.60239651416122,22,0.4256410256410256,0.0,0.0
hasparticipantrole,child,has_race_or_color,african-american,46,0.60239651416122,19,0.3416666666666666,0.0,0.0
hasparticipantrole,child,has_race_or_color,race_or_color,46,0.60239651416122,22,0.4256410256410256,0.0,0.0
hasparticipantrole,child,has_race_or_color,african-american,46,0.60239651416122,19,0.3416666666666666,0.0,0.0
hasparticipantrole,child,has_race_or_color,race_or_color,46,0.60239651416122,22,0.4256410256410256,0.0,0.0
hasparticipantrole,child,has_race_or_color,african-american,46,0.60239651416122,19,0.3416666666666666,0.0,0.0
hasparticipantrole,child,has_race_or_color,race_or_color,46,0.60239651416122,22,0.4256410256410256,0.0,0.0
hasparticipantrole,child,has_race_or_color,african-american,46,0.60239651416122,19,0.3416666666666666,0.0,0.0
hasparticipantrole,child,has_race_or_color,race_or_color,46,0.60239651416122,22,0.4256410256410256,0.0,0.0
hasparticipantrole,child,has_race_or_color,african-american,46,0.60239651416122,19,0.3416666666666666,0.0,0.0
hasparticipantrole,child,has_race_or_color,race_or_color,46,0.60239651416122,22,0.4256410256410256,0.0,0.0
hasparticipantrole,child,has_race_or_color,african-american,46,0.60239651416122,19,0.3416666666666666,0.0,0.0
hasparticipantrole,child,has_race_or_color,race_or_color,46,0.60239651416122,22,0.4256410256410256,0.0,0.0
hasparticipantrole,child,has_race_or_color,african-american,46,0.60239651416122,19,0.3416666666666666,0.0,0.0
hasparticipantrole,child,has_race_or_color,race_or_color,46,0.60239651416122,22,0.4256410256410256,0.0,0.0
hasparticipantrole,child,has_race_or_color,african-american,46,0.60239651416122,19,0.3416666666666666,0.0,0.0
hasparticipantrole,child,has_race_or_color,race_orcolor,46,0.60239651416122,24,0.42777777777777776,0.0,0.0
hasparticipantrole,child,has_race_or_color,african-american,46,0.60239651416122,19,0.3416666666666666,0.0,0.0
hasparticipantrole,child,has_race_or_color,race_orcolor,46,0.60239651416122,24,0.42777777777777776,0.0,0.0
hasparticipantrole,child,has_race_orcolor,african-american,47,0.6134259259259259,19,0.3416666666666666,0.0,0.0
hasparticipantrole,child,has_race_orcolor,race_orcolor,47,0.6134259259259259,24,0.42777777777777776,0.0,0.0
hasparticipantrole,child,has_race_orcolor,african-american,47,0.6134259259259259,19,0.3416666666666666,0.0,0.0
hasparticipantrole,child,has_race_orcolor,race_orcolor,47,0.6134259259259259,24,0.42777777777777776,0.0,0.0
hasparticipantrole,child,has_race_orcolor,african-american,47,0.6134259259259259,19,0.3416666666666666,0.0,0.0
hasparticipantrole,child,has_race_orcolor,race_orcolor,47,0.6134259259259259,24,0.42777777777777776,0.0,0.0
hasparticipantrole,child,has_race_orcolor,african-american,47,0.6134259259259259,19,0.3416666666666666,0.0,0.0
hasparticipantrole,child,has_race_orcolor,race_orcolor,47,0.6134259259259259,24,0.42777777777777776,0.0,0.0
hasparticipantrole,child,has_race_orcolor,african-american,47,0.6134259259259259,19,0.3416666666666666,0.0,0.0
hasparticipantrole,child,has_race_orcolor,race_orcolor,47,0.6134259259259259,24,0.42777777777777776,0.0,0.0
hasparticipantrole,child,has_race_orcolor,african-american,47,0.6134259259259259,19,0.3416666666666666,0.0,0.0
hasparticipantrole,child,has_race_orcolor,race_orcolor,47,0.6134259259259259,24,0.42777777777777776,0.0,0.0
hasparticipantrole,child,has_race_orcolor,african-american,47,0.6134259259259259,19,0.3416666666666666,0.0,0.0
hasparticipantrole,child,has_race_orcolor,race_orcolor,47,0.6134259259259259,24,0.42777777777777776,0.0,0.0
hasparticipantrole,child,has_race_orcolor,african-american,47,0.6134259259259259,19,0.3416666666666666,0.0,0.0
hasparticipantrole,child,has_race_orcolor,race_orcolor,47,0.6134259259259259,24,0.42777777777777776,0.0,0.0
hasparticipantrole,child,has_race_orcolor,african-american,47,0.6134259259259259,19,0.3416666666666666,0.0,0.0
hasparticipantrole,child,has_race_orcolor,race_orcolor,47,0.6134259259259259,24,0.42777777777777776,0.0,0.0
hasparticipantrole,child,has_race_orcolor,african-american,47,0.6134259259259259,19,0.3416666666666666,0.0,0.0
hasparticipantrole,child,has_race_orcolor,race_orcolor,47,0.6134259259259259,24,0.42777777777777776,0.0,0.0
hasparticipantrole,child,has_race_orcolor,african-american,47,0.6134259259259259,19,0.3416666666666666,0.0,0.0
hasparticipantrole,child,has_race_orcolor,race_orcolor,47,0.6134259259259259,24,0.42777777777777776,0.0,0.0
hasparticipantrole,child,has_race_orcolor,african-american,47,0.6134259259259259,19,0.3416666666666666,0.0,0.0
hasparticipantrole,child,has_race_orcolor,race_orcolor,47,0.6134259259259259,24,0.42777777777777776,0.0,0.0
hasparticipantrole,child,has_race_orcolor,african-american,47,0.6134259259259259,19,0.3416666666666666,0.0,0.0
hasparticipantrole,child,has_race_orcolor,race_orcolor,47,0.6134259259259259,24,0.42777777777777776,0.0,0.0
hasparticipantrole,child,has_race_orcolor,african-american,47,0.6134259259259259,19,0.3416666666666666,0.0,0.0
hasparticipantrole,child,has_race_orcolor,race_orcolor,47,0.6134259259259259,24,0.42777777777777776,0.0,0.0
hasparticipantrole,child,has_race_orcolor,african-american,47,0.6134259259259259,19,0.3416666666666666,0.0,0.0
hasparticipantrole,child,has_race_orcolor,race_orcolor,47,0.6134259259259259,24,0.42777777777777776,0.0,0.0
hasparticipantrole,child,has_race_orcolor,african-american,47,0.6134259259259259,19,0.3416666666666666,0.0,0.0
hasparticipantrole,child,has_race_orcolor,race_orcolor,47,0.6134259259259259,24,0.42777777777777776,0.0,0.0
hasparticipantrole,child,has_race_orcolor,african-american,47,0.6134259259259259,19,0.3416666666666666,0.0,0.0
hasparticipantrole,child,has_race_orcolor,race_orcolor,47,0.6134259259259259,24,0.42777777777777776,0.0,0.0
hasparticipantrole,child,has_race_orcolor,african-american,47,0.6134259259259259,19,0.3416666666666666,0.0,0.0
hasparticipantrole,child,has_race_orcolor,race_orcolor,47,0.6134259259259259,24,0.42777777777777776,0.0,0.0
hasparticipantrole,child,has_race_orcolor,african-american,47,0.6134259259259259,19,0.3416666666666666,0.0,0.0
hasparticipantrole,child,has_race_orcolor,race_orcolor,47,0.6134259259259259,24,0.42777777777777776,0.0,0.0
hasparticipantrole,child,has_race_orcolor,african-american,47,0.6134259259259259,19,0.3416666666666666,0.0,0.0
hasparticipantrole,child,has_race_orcolor,race_orcolor,47,0.6134259259259259,24,0.42777777777777776,0.0,0.0
hasparticipantrole,child,has_race_orcolor,african-american,47,0.6134259259259259,19,0.3416666666666666,0.0,0.0
hasparticipantrole,child,has_race_orcolor,race_orcolor,47,0.6134259259259259,24,0.42777777777777776,0.0,0.0
hasparticipantrole,child,has_race_orcolor,african-american,47,0.6134259259259259,19,0.3416666666666666,0.0,0.0
hasparticipantrole,child,has_race_orcolor,race_orcolor,47,0.6134259259259259,24,0.42777777777777776,0.0,0.0
hasparticipantrole,child,has_race_orcolor,african-american,47,0.6134259259259259,19,0.3416666666666666,0.0,0.0
hasparticipantrole,child,has_race_orcolor,race_orcolor,47,0.6134259259259259,24,0.42777777777777776,0.0,0.0
hasparticipantrole,child,has_race_orcolor,african-american,47,0.6134259259259259,19,0.3416666666666666,0.0,0.0
hasparticipantrole,child,has_race_orcolor,race_orcolor,47,0.6134259259259259,24,0.42777777777777776,0.0,0.0
hasparticipantrole,child,has_race_orcolor,african-american,47,0.6134259259259259,19,0.3416666666666666,0.0,0.0
hasparticipantrole,child,has_race_orcolor,race_orcolor,47,0.6134259259259259,24,0.42777777777777776,0.0,0.0
hasparticipantrole,child,has_race_orcolor,african-american,47,0.6134259259259259,19,0.3416666666666666,0.0,0.0
hasparticipantrole,child,has_race_orcolor,race_orcolor,47,0.6134259259259259,24,0.42777777777777776,0.0,0.0
hasparticipantrole,child,has_race_orcolor,african-american,47,0.6134259259259259,19,0.3416666666666666,0.0,0.0
hasparticipantrole,child,has_race_orcolor,race_orcolor,47,0.6134259259259259,24,0.42777777777777776,0.0,0.0
hasparticipantrole,child,has_race_orcolor,african-american,47,0.6134259259259259,19,0.3416666666666666,0.0,0.0
hasparticipantrole,child,has_race_orcolor,race_orcolor,47,0.6134259259259259,24,0.42777777777777776,0.0,0.0
hasparticipantrole,child,has_race_orcolor,african-american,47,0.6134259259259259,19,0.3416666666666666,0.0,0.0
hasparticipantrole,child,has_race_orcolor,race_orcolor,47,0.6134259259259259,24,0.42777777777777776,0.0,0.0
hasparticipantrole,child,has_race_orcolor,african-american,47,0.6134259259259259,19,0.3416666666666666,0.0,0.0
hasparticipantrole,child,has_race_orcolor,race_orcolor,47,0.6134259259259259,24,0.42777777777777776,0.0,0.0
hasparticipantrole,child,has_race_orcolor,african-american,47,0.6134259259259259,19,0.3416666666666666,0.0,0.0
hasparticipantrole,child,has_race_orcolor,race_orcolor,47,0.6134259259259259,24,0.42777777777777776,0.0,0.0
hasparticipantrole,child,has_race_orcolor,african-american,47,0.6134259259259259,19,0.3416666666666666,0.0,0.0
hasparticipantrole,child,has_race_orcolor,race_orcolor,47,0.6134259259259259,24,0.42777777777777776,0.0,0.0
hasparticipantrole,child,has_race_orcolor,african-american,47,0.6134259259259259,19,0.3416666666666666,0.0,0.0
hasparticipantrole,child,has_race_orcolor,race_orcolor,47,0.6134259259259259,24,0.42777777777777776,0.0,0.0
hasparticipantrole,child,garrard,"clarke, african-american) 2. has_race_or_color(agent, race_or_color): has_race_or_color(lewis garrard clarke, african-american) 3. has_race_or_color(agent, race_or_color): has_race_or_color(lewis garrard clarke, african-american) 4. has_race_or_color(agent, race_or_color): has_race_or_color(lewis garrard clarke, african-american) 5. has_race_or_color(agent, race_or_color): has_race_or_color(lewis garrard clarke, african-american) 6. has_race_or_color(agent, race_or_color): has_race_or_color(lewis garrard clarke, african-american) 7. has_race_or_color(agent, race_or_color): has_race_or_color(lewis garrard clarke, african-american) 8. has_race_or_color(agent, race_or_color): has_race_or_color(lewis garrard clarke, african-american) 9. has_race_or_color(agent, race_or_color): has_race_or_color(lewis garrard clarke, african-american) 10. has_race_or_color(agent, race_or_color): has_race_or_color(lewis garrard clarke, african-american) 11. has_race_or_color(agent, race_or_color): has_race_or_color(lewis garrard clarke, african-american) 12. has_race_or_color(agent, race_or_color): has_race_or_color(lewis garrard clarke, african-american) 13. has_race_or_color(agent, race_or_color): has_race_or_color(lewis garrard clarke, african-american) 14. has_race_or_color(agent, race_or_color): has_race_or_color(lewis garrard clarke, african-american) 15. has_race_or_color(agent, race_or_color): has_race_or_color(lewis garrard clarke, african-american) 16. has_race_or_color(agent, race_or_color): has_race_or_color(lewis garrard clarke, african-american) 17. has_race_or_color(agent, race_or_color): has_race_or_color(lewis garrard clarke, african-american) 18. has_race_or_color(agent, race_or_color): has_race_or_color(lewis garrard clarke, african-american) 19. has_race_or_color(agent, race_or_color): has_race_or_color(lewis garrard clarke, african-american) 20. has_race_or_color(agent, race_or_color): has_race_or_color(lewis garrard clarke, african-american) 21. has_race_or_color(agent, race_or_color): has_race_or_color(lewis garrard clarke, african-american) 22. has_race_or_color(agent, race_or_color): has_race_or_color(lewis garrard clarke, african-american) 23. has_race_or_color(agent, race_or_color): has_race_or_color(lewis garrard clarke, african-american) 24. has_race_or_color(agent, race_orcolor): has_race_or_color(lewis garrard clarke, african-american) 25. has_race_or_color(agent, race_orcolor): has_race_orcolor(lewis garrard clarke, african-american) 26. has_race_orcolor(agent, race_orcolor): has_race_orcolor(lewis garrard clarke, african-american) 27. has_race_orcolor(agent, race_orcolor): has_race_orcolor(lewis garrard clarke, african-american) 28. has_race_orcolor(agent, race_orcolor): has_race_orcolor(lewis garrard clarke, african-american) 29. has_race_orcolor(agent, race_orcolor): has_race_orcolor(lewis garrard clarke, african-american) 30. has_race_orcolor(agent, race_orcolor): has_race_orcolor(lewis garrard clarke, african-american) 31. has_race_orcolor(agent, race_orcolor): has_race_orcolor(lewis garrard clarke, african-american) 32. has_race_orcolor(agent, race_orcolor): has_race_orcolor(lewis garrard clarke, african-american) 33. has_race_orcolor(agent, race_orcolor): has_race_orcolor(lewis garrard clarke, african-american) 34. has_race_orcolor(agent, race_orcolor): has_race_orcolor(lewis garrard clarke, african-american) 35. has_race_orcolor(agent, race_orcolor): has_race_orcolor(lewis garrard clarke, african-american) 36. has_race_orcolor(agent, race_orcolor): has_race_orcolor(lewis garrard clarke, african-american) 37. has_race_orcolor(agent, race_orcolor): has_race_orcolor(lewis garrard clarke, african-american) 38. has_race_orcolor(agent, race_orcolor): has_race_orcolor(lewis garrard clarke, african-american) 39. has_race_orcolor(agent, race_orcolor): has_race_orcolor(lewis garrard clarke, african-american) 40. has_race_orcolor(agent, race_orcolor): has_race_orcolor(lewis garrard clarke, african-american) 41. has_race_orcolor(agent, race_orcolor): has_race_orcolor(lewis garrard clarke, african-american) 42. has_race_orcolor(agent, race_orcolor): has_race_orcolor(lewis garrard clarke, african-american) 43. has_race_orcolor(agent, race_orcolor): has_race_orcolor(lewis garrard clarke, african-american) 44. has_race_orcolor(agent, race_orcolor): has_race_orcolor(lewis garrard clarke, african-american) 45. has_race_orcolor(agent, race_orcolor): has_race_orcolor(lewis garrard clarke, african-american) 46. has_race_orcolor(agent, race_orcolor): has_race_orcolor(lewis garrard clarke, african-american) 47. has_race_orcolor(agent, race_orcolor): has_race_orcolor(lewis garrard clarke, african-american) 48. has_race_orcolor(agent, race_orcolor): has_race_orcolor(lewis garrard clarke, african-american) 49. has_race_orcolor(agent, race_orcolor): has_race_orcolor(lewis garrard clarke, african-american) 50. has_race_orcolor(agent, race_orcolor): has_race_orcolor(lewis garrard clarke, african-american) 51. has_race_orcolor(agent, race_orcolor): has_race_orcolor(lewis garrard clarke, african-american) 52. has_race_orcolor(agent, race_orcolor): has_race_orcolor(lewis garrard clarke, african-american) 53. has_race_orcolor(agent, race_orcolor): has_race_orcolor(lewis garrard clarke, african-american) 54. has_race_orcolor(agent, race_orcolor): has_race_orcolor(lewis garrard clarke, african-american) 55. has_race_orcolor(agent, race_orcolor): has_race_orcolor(lewis garrard clarke, african-american) 56. has_race_orcolor(agent, race_orcolor): has_race_orcolor(lewis garrard clarke, african-american) 57. has_race_orcolor(agent, race_orcolor): has_race_orcolor(lewis garrard clarke, african-american) 58. has_race_orcolor(agent, race_orcolor): has_race_or",32,0.42063492063492064,0,0.6002903094698949,0.0,0.0
hasparticipantrole,deceased person,on the,"text, the following ontology relations can be populated:",25,0.3148148148148148,23,0.43373015873015874,0.0,0.0
hasparticipantrole,deceased person,record,module:,25,0.48148148148148145,18,0.47301587301587295,0.0,0.0
hasparticipantrole,deceased person,has_name,name,38,0.5675925925925926,21,0.37777777777777777,0.0,0.0
hasparticipantrole,deceased person,has_name,lewis garrard clarke,38,0.5675925925925926,29,0.46269841269841266,0.0,0.0
hasparticipantrole,deceased person,garrard,"clarke, 'lewis garrard clarke')",32,0.42063492063492064,26,0.43046594982078856,0.0,0.0
hasparticipantrole,deceased person,has_surname,surname,41,0.6274651274651274,27,0.4317460317460317,0.0,0.0
hasparticipantrole,deceased person,has_surname,clarke,41,0.6274651274651274,29,0.45555555555555555,0.0,0.0
hasparticipantrole,deceased person,garrard,"clarke, 'clarke')",32,0.42063492063492064,31,0.4732026143790849,0.0,0.0
hasparticipantrole,deceased person,has_first_name,first_name,44,0.6772486772486772,24,0.38888888888888884,0.0,0.0
hasparticipantrole,deceased person,has_first_name,lewis,44,0.6772486772486772,20,0.5111111111111111,0.0,0.0
hasparticipantrole,deceased person,garrard,"clarke, 'lewis')",32,0.42063492063492064,39,0.48055555555555557,0.0,0.0
hasparticipantrole,deceased person,relationship record,module:,38,0.5994152046783626,18,0.47301587301587295,0.0,0.0
hasparticipantrole,deceased person,has_interagent_relationship_type_to,relationship_type,42,0.6570105820105819,31,0.530905695611578,0.0,0.0
hasparticipantrole,deceased person,has_interagent_relationship_type_to,enslaver,42,0.6570105820105819,35,0.5861111111111111,0.0,0.0
hasparticipantrole,deceased person,garrard,"clarke, 'enslaver')",32,0.42063492063492064,35,0.5430799220272905,0.0,0.0
hasparticipantrole,deceased person,is_relationship_to,agent,44,0.6037037037037037,30,0.3444444444444444,0.0,0.0
hasparticipantrole,deceased person,is_relationship_to,samuel campbell,44,0.6037037037037037,33,0.5015873015873016,0.0,0.0
hasparticipantrole,deceased person,garrard,"clarke, 'samuel campbell')",32,0.42063492063492064,34,0.5005698005698006,0.0,0.0
hasparticipantrole,deceased person,record,module:,25,0.48148148148148145,18,0.47301587301587295,0.0,0.0
hasparticipantrole,deceased person,has_sex,sex_type,32,0.5317460317460317,35,0.5055555555555555,0.0,0.0
hasparticipantrole,deceased person,has_sex,male,32,0.5317460317460317,21,0.37777777777777777,0.0,0.0
hasparticipantrole,deceased person,garrard,"clarke, 'male')",32,0.42063492063492064,33,0.4222222222222222,0.0,0.0
hasparticipantrole,deceased person,record,module:,25,0.48148148148148145,18,0.47301587301587295,0.0,0.0
hasparticipantrole,deceased person,has_occupation,occupation,50,0.6566137566137565,32,0.5444444444444444,0.0,0.0
hasparticipantrole,deceased person,has_occupation,slave,50,0.6566137566137565,20,0.48888888888888893,0.0,0.0
hasparticipantrole,deceased person,has_occupation,educator,50,0.6566137566137565,35,0.5861111111111111,0.0,0.0
hasparticipantrole,deceased person,has_occupation,lawyer,50,0.6566137566137565,29,0.45555555555555555,0.0,0.0
hasparticipantrole,deceased person,has_occupation,and autobiographer,50,0.6566137566137565,36,0.4756613756613757,0.0,0.0
hasparticipantrole,deceased person,garrard,"clarke, 'slave, educator, lawyer, and autobiographer')",32,0.42063492063492064,26,0.5629629629629629,0.0,0.0
hasparticipantrole,deceased person,record,module:,25,0.48148148148148145,18,0.47301587301587295,0.0,0.0
hasparticipantrole,deceased person,has_age,age,40,0.5978835978835978,22,0.4333333333333333,0.0,0.0
hasparticipantrole,deceased person,has_age,?,40,0.5978835978835978,0,0.0,0.0,0.0
hasparticipantrole,deceased person,garrard,"clarke,?) (note: the age is not mentioned in the text)",32,0.42063492063492064,23,0.4941638608305275,0.0,0.0
hasparticipantrole,deceased person,has_birthdate,date_of_birth,52,0.6937321937321936,29,0.44145299145299144,0.0,0.0
hasparticipantrole,deceased person,has_birthdate,?,52,0.6937321937321936,0,0.0,0.0,0.0
hasparticipantrole,deceased person,garrard,"clarke,?) (note: the birth date is not mentioned in the text)",32,0.42063492063492064,24,0.5266848816029145,0.0,0.0
hasparticipantrole,deceased person,has_deathdate,date_of_death,52,0.6866096866096866,36,0.505982905982906,0.0,0.0
hasparticipantrole,deceased person,has_deathdate,?,52,0.6866096866096866,0,0.0,0.0,0.0
hasparticipantrole,deceased person,garrard,"clarke,?) (note: the death date is not mentioned in the text)",32,0.42063492063492064,24,0.5394143197421886,0.0,0.0
hasparticipantrole,deceased person,status record,module:,39,0.4995929995929996,18,0.47301587301587295,0.0,0.0
hasparticipantrole,deceased person,has_person_status,enslaved person,46,0.6479302832244008,73,0.7833333333333333,0.0,0.33609692727625756
hasparticipantrole,deceased person,has_person_status,ex-slave,46,0.6479302832244008,26,0.5055555555555555,0.0,0.0
hasparticipantrole,deceased person,garrard,"clarke, 'enslaved person, ex-slave')",32,0.42063492063492064,47,0.6312169312169312,0.0,0.19431434016858148
hasparticipantrole,deceased person,record,module:,25,0.48148148148148145,18,0.47301587301587295,0.0,0.0
hasparticipantrole,deceased person,has_race_or_color,race_or_color,46,0.60239651416122,29,0.505982905982906,0.0,0.0
hasparticipantrole,deceased person,has_race_or_color,african-american,46,0.60239651416122,32,0.48194444444444445,0.0,0.0
hasparticipantrole,deceased person,has_race_or_color,race_or_color,46,0.60239651416122,29,0.505982905982906,0.0,0.0
hasparticipantrole,deceased person,has_race_or_color,african-american,46,0.60239651416122,32,0.48194444444444445,0.0,0.0
hasparticipantrole,deceased person,has_race_or_color,race_or_color,46,0.60239651416122,29,0.505982905982906,0.0,0.0
hasparticipantrole,deceased person,has_race_or_color,african-american,46,0.60239651416122,32,0.48194444444444445,0.0,0.0
hasparticipantrole,deceased person,has_race_or_color,race_or_color,46,0.60239651416122,29,0.505982905982906,0.0,0.0
hasparticipantrole,deceased person,has_race_or_color,african-american,46,0.60239651416122,32,0.48194444444444445,0.0,0.0
hasparticipantrole,deceased person,has_race_or_color,race_or_color,46,0.60239651416122,29,0.505982905982906,0.0,0.0
hasparticipantrole,deceased person,has_race_or_color,african-american,46,0.60239651416122,32,0.48194444444444445,0.0,0.0
hasparticipantrole,deceased person,has_race_or_color,race_or_color,46,0.60239651416122,29,0.505982905982906,0.0,0.0
hasparticipantrole,deceased person,has_race_or_color,african-american,46,0.60239651416122,32,0.48194444444444445,0.0,0.0
hasparticipantrole,deceased person,has_race_or_color,race_or_color,46,0.60239651416122,29,0.505982905982906,0.0,0.0
hasparticipantrole,deceased person,has_race_or_color,african-american,46,0.60239651416122,32,0.48194444444444445,0.0,0.0
hasparticipantrole,deceased person,has_race_or_color,race_or_color,46,0.60239651416122,29,0.505982905982906,0.0,0.0
hasparticipantrole,deceased person,has_race_or_color,african-american,46,0.60239651416122,32,0.48194444444444445,0.0,0.0
hasparticipantrole,deceased person,has_race_or_color,race_or_color,46,0.60239651416122,29,0.505982905982906,0.0,0.0
hasparticipantrole,deceased person,has_race_or_color,african-american,46,0.60239651416122,32,0.48194444444444445,0.0,0.0
hasparticipantrole,deceased person,has_race_or_color,race_or_color,46,0.60239651416122,29,0.505982905982906,0.0,0.0
hasparticipantrole,deceased person,has_race_or_color,african-american,46,0.60239651416122,32,0.48194444444444445,0.0,0.0
hasparticipantrole,deceased person,has_race_or_color,race_or_color,46,0.60239651416122,29,0.505982905982906,0.0,0.0
hasparticipantrole,deceased person,has_race_or_color,african-american,46,0.60239651416122,32,0.48194444444444445,0.0,0.0
hasparticipantrole,deceased person,has_race_or_color,race_or_color,46,0.60239651416122,29,0.505982905982906,0.0,0.0
hasparticipantrole,deceased person,has_race_or_color,african-american,46,0.60239651416122,32,0.48194444444444445,0.0,0.0
hasparticipantrole,deceased person,has_race_or_color,race_or_color,46,0.60239651416122,29,0.505982905982906,0.0,0.0
hasparticipantrole,deceased person,has_race_or_color,african-american,46,0.60239651416122,32,0.48194444444444445,0.0,0.0
hasparticipantrole,deceased person,has_race_or_color,race_or_color,46,0.60239651416122,29,0.505982905982906,0.0,0.0
hasparticipantrole,deceased person,has_race_or_color,african-american,46,0.60239651416122,32,0.48194444444444445,0.0,0.0
hasparticipantrole,deceased person,has_race_or_color,race_or_color,46,0.60239651416122,29,0.505982905982906,0.0,0.0
hasparticipantrole,deceased person,has_race_or_color,african-american,46,0.60239651416122,32,0.48194444444444445,0.0,0.0
hasparticipantrole,deceased person,has_race_or_color,race_or_color,46,0.60239651416122,29,0.505982905982906,0.0,0.0
hasparticipantrole,deceased person,has_race_or_color,african-american,46,0.60239651416122,32,0.48194444444444445,0.0,0.0
hasparticipantrole,deceased person,has_race_or_color,race_or_color,46,0.60239651416122,29,0.505982905982906,0.0,0.0
hasparticipantrole,deceased person,has_race_or_color,african-american,46,0.60239651416122,32,0.48194444444444445,0.0,0.0
hasparticipantrole,deceased person,has_race_or_color,race_or_color,46,0.60239651416122,29,0.505982905982906,0.0,0.0
hasparticipantrole,deceased person,has_race_or_color,african-american,46,0.60239651416122,32,0.48194444444444445,0.0,0.0
hasparticipantrole,deceased person,has_race_or_color,race_or_color,46,0.60239651416122,29,0.505982905982906,0.0,0.0
hasparticipantrole,deceased person,has_race_or_color,african-american,46,0.60239651416122,32,0.48194444444444445,0.0,0.0
hasparticipantrole,deceased person,has_race_or_color,race_or_color,46,0.60239651416122,29,0.505982905982906,0.0,0.0
hasparticipantrole,deceased person,has_race_or_color,african-american,46,0.60239651416122,32,0.48194444444444445,0.0,0.0
hasparticipantrole,deceased person,has_race_or_color,race_or_color,46,0.60239651416122,29,0.505982905982906,0.0,0.0
hasparticipantrole,deceased person,has_race_or_color,african-american,46,0.60239651416122,32,0.48194444444444445,0.0,0.0
hasparticipantrole,deceased person,has_race_or_color,race_or_color,46,0.60239651416122,29,0.505982905982906,0.0,0.0
hasparticipantrole,deceased person,has_race_or_color,african-american,46,0.60239651416122,32,0.48194444444444445,0.0,0.0
hasparticipantrole,deceased person,has_race_or_color,race_or_color,46,0.60239651416122,29,0.505982905982906,0.0,0.0
hasparticipantrole,deceased person,has_race_or_color,african-american,46,0.60239651416122,32,0.48194444444444445,0.0,0.0
hasparticipantrole,deceased person,has_race_or_color,race_orcolor,46,0.60239651416122,30,0.5166666666666667,0.0,0.0
hasparticipantrole,deceased person,has_race_or_color,african-american,46,0.60239651416122,32,0.48194444444444445,0.0,0.0
hasparticipantrole,deceased person,has_race_or_color,race_orcolor,46,0.60239651416122,30,0.5166666666666667,0.0,0.0
hasparticipantrole,deceased person,has_race_orcolor,african-american,47,0.6134259259259259,32,0.48194444444444445,0.0,0.0
hasparticipantrole,deceased person,has_race_orcolor,race_orcolor,47,0.6134259259259259,30,0.5166666666666667,0.0,0.0
hasparticipantrole,deceased person,has_race_orcolor,african-american,47,0.6134259259259259,32,0.48194444444444445,0.0,0.0
hasparticipantrole,deceased person,has_race_orcolor,race_orcolor,47,0.6134259259259259,30,0.5166666666666667,0.0,0.0
hasparticipantrole,deceased person,has_race_orcolor,african-american,47,0.6134259259259259,32,0.48194444444444445,0.0,0.0
hasparticipantrole,deceased person,has_race_orcolor,race_orcolor,47,0.6134259259259259,30,0.5166666666666667,0.0,0.0
hasparticipantrole,deceased person,has_race_orcolor,african-american,47,0.6134259259259259,32,0.48194444444444445,0.0,0.0
hasparticipantrole,deceased person,has_race_orcolor,race_orcolor,47,0.6134259259259259,30,0.5166666666666667,0.0,0.0
hasparticipantrole,deceased person,has_race_orcolor,african-american,47,0.6134259259259259,32,0.48194444444444445,0.0,0.0
hasparticipantrole,deceased person,has_race_orcolor,race_orcolor,47,0.6134259259259259,30,0.5166666666666667,0.0,0.0
hasparticipantrole,deceased person,has_race_orcolor,african-american,47,0.6134259259259259,32,0.48194444444444445,0.0,0.0
hasparticipantrole,deceased person,has_race_orcolor,race_orcolor,47,0.6134259259259259,30,0.5166666666666667,0.0,0.0
hasparticipantrole,deceased person,has_race_orcolor,african-american,47,0.6134259259259259,32,0.48194444444444445,0.0,0.0
hasparticipantrole,deceased person,has_race_orcolor,race_orcolor,47,0.6134259259259259,30,0.5166666666666667,0.0,0.0
hasparticipantrole,deceased person,has_race_orcolor,african-american,47,0.6134259259259259,32,0.48194444444444445,0.0,0.0
hasparticipantrole,deceased person,has_race_orcolor,race_orcolor,47,0.6134259259259259,30,0.5166666666666667,0.0,0.0
hasparticipantrole,deceased person,has_race_orcolor,african-american,47,0.6134259259259259,32,0.48194444444444445,0.0,0.0
hasparticipantrole,deceased person,has_race_orcolor,race_orcolor,47,0.6134259259259259,30,0.5166666666666667,0.0,0.0
hasparticipantrole,deceased person,has_race_orcolor,african-american,47,0.6134259259259259,32,0.48194444444444445,0.0,0.0
hasparticipantrole,deceased person,has_race_orcolor,race_orcolor,47,0.6134259259259259,30,0.5166666666666667,0.0,0.0
hasparticipantrole,deceased person,has_race_orcolor,african-american,47,0.6134259259259259,32,0.48194444444444445,0.0,0.0
hasparticipantrole,deceased person,has_race_orcolor,race_orcolor,47,0.6134259259259259,30,0.5166666666666667,0.0,0.0
hasparticipantrole,deceased person,has_race_orcolor,african-american,47,0.6134259259259259,32,0.48194444444444445,0.0,0.0
hasparticipantrole,deceased person,has_race_orcolor,race_orcolor,47,0.6134259259259259,30,0.5166666666666667,0.0,0.0
hasparticipantrole,deceased person,has_race_orcolor,african-american,47,0.6134259259259259,32,0.48194444444444445,0.0,0.0
hasparticipantrole,deceased person,has_race_orcolor,race_orcolor,47,0.6134259259259259,30,0.5166666666666667,0.0,0.0
hasparticipantrole,deceased person,has_race_orcolor,african-american,47,0.6134259259259259,32,0.48194444444444445,0.0,0.0
hasparticipantrole,deceased person,has_race_orcolor,race_orcolor,47,0.6134259259259259,30,0.5166666666666667,0.0,0.0
hasparticipantrole,deceased person,has_race_orcolor,african-american,47,0.6134259259259259,32,0.48194444444444445,0.0,0.0
hasparticipantrole,deceased person,has_race_orcolor,race_orcolor,47,0.6134259259259259,30,0.5166666666666667,0.0,0.0
hasparticipantrole,deceased person,has_race_orcolor,african-american,47,0.6134259259259259,32,0.48194444444444445,0.0,0.0
hasparticipantrole,deceased person,has_race_orcolor,race_orcolor,47,0.6134259259259259,30,0.5166666666666667,0.0,0.0
hasparticipantrole,deceased person,has_race_orcolor,african-american,47,0.6134259259259259,32,0.48194444444444445,0.0,0.0
hasparticipantrole,deceased person,has_race_orcolor,race_orcolor,47,0.6134259259259259,30,0.5166666666666667,0.0,0.0
hasparticipantrole,deceased person,has_race_orcolor,african-american,47,0.6134259259259259,32,0.48194444444444445,0.0,0.0
hasparticipantrole,deceased person,has_race_orcolor,race_orcolor,47,0.6134259259259259,30,0.5166666666666667,0.0,0.0
hasparticipantrole,deceased person,has_race_orcolor,african-american,47,0.6134259259259259,32,0.48194444444444445,0.0,0.0
hasparticipantrole,deceased person,has_race_orcolor,race_orcolor,47,0.6134259259259259,30,0.5166666666666667,0.0,0.0
hasparticipantrole,deceased person,has_race_orcolor,african-american,47,0.6134259259259259,32,0.48194444444444445,0.0,0.0
hasparticipantrole,deceased person,has_race_orcolor,race_orcolor,47,0.6134259259259259,30,0.5166666666666667,0.0,0.0
hasparticipantrole,deceased person,has_race_orcolor,african-american,47,0.6134259259259259,32,0.48194444444444445,0.0,0.0
hasparticipantrole,deceased person,has_race_orcolor,race_orcolor,47,0.6134259259259259,30,0.5166666666666667,0.0,0.0
hasparticipantrole,deceased person,has_race_orcolor,african-american,47,0.6134259259259259,32,0.48194444444444445,0.0,0.0
hasparticipantrole,deceased person,has_race_orcolor,race_orcolor,47,0.6134259259259259,30,0.5166666666666667,0.0,0.0
hasparticipantrole,deceased person,has_race_orcolor,african-american,47,0.6134259259259259,32,0.48194444444444445,0.0,0.0
hasparticipantrole,deceased person,has_race_orcolor,race_orcolor,47,0.6134259259259259,30,0.5166666666666667,0.0,0.0
hasparticipantrole,deceased person,has_race_orcolor,african-american,47,0.6134259259259259,32,0.48194444444444445,0.0,0.0
hasparticipantrole,deceased person,has_race_orcolor,race_orcolor,47,0.6134259259259259,30,0.5166666666666667,0.0,0.0
hasparticipantrole,deceased person,has_race_orcolor,african-american,47,0.6134259259259259,32,0.48194444444444445,0.0,0.0
hasparticipantrole,deceased person,has_race_orcolor,race_orcolor,47,0.6134259259259259,30,0.5166666666666667,0.0,0.0
hasparticipantrole,deceased person,has_race_orcolor,african-american,47,0.6134259259259259,32,0.48194444444444445,0.0,0.0
hasparticipantrole,deceased person,has_race_orcolor,race_orcolor,47,0.6134259259259259,30,0.5166666666666667,0.0,0.0
hasparticipantrole,deceased person,has_race_orcolor,african-american,47,0.6134259259259259,32,0.48194444444444445,0.0,0.0
hasparticipantrole,deceased person,has_race_orcolor,race_orcolor,47,0.6134259259259259,30,0.5166666666666667,0.0,0.0
hasparticipantrole,deceased person,has_race_orcolor,african-american,47,0.6134259259259259,32,0.48194444444444445,0.0,0.0
hasparticipantrole,deceased person,has_race_orcolor,race_orcolor,47,0.6134259259259259,30,0.5166666666666667,0.0,0.0
hasparticipantrole,deceased person,has_race_orcolor,african-american,47,0.6134259259259259,32,0.48194444444444445,0.0,0.0
hasparticipantrole,deceased person,has_race_orcolor,race_orcolor,47,0.6134259259259259,30,0.5166666666666667,0.0,0.0
hasparticipantrole,deceased person,has_race_orcolor,african-american,47,0.6134259259259259,32,0.48194444444444445,0.0,0.0
hasparticipantrole,deceased person,has_race_orcolor,race_orcolor,47,0.6134259259259259,30,0.5166666666666667,0.0,0.0
hasparticipantrole,deceased person,has_race_orcolor,african-american,47,0.6134259259259259,32,0.48194444444444445,0.0,0.0
hasparticipantrole,deceased person,has_race_orcolor,race_orcolor,47,0.6134259259259259,30,0.5166666666666667,0.0,0.0
hasparticipantrole,deceased person,has_race_orcolor,african-american,47,0.6134259259259259,32,0.48194444444444445,0.0,0.0
hasparticipantrole,deceased person,has_race_orcolor,race_orcolor,47,0.6134259259259259,30,0.5166666666666667,0.0,0.0
hasparticipantrole,deceased person,has_race_orcolor,african-american,47,0.6134259259259259,32,0.48194444444444445,0.0,0.0
hasparticipantrole,deceased person,has_race_orcolor,race_orcolor,47,0.6134259259259259,30,0.5166666666666667,0.0,0.0
hasparticipantrole,deceased person,garrard,"clarke, african-american) 2. has_race_or_color(agent, race_or_color): has_race_or_color(lewis garrard clarke, african-american) 3. has_race_or_color(agent, race_or_color): has_race_or_color(lewis garrard clarke, african-american) 4. has_race_or_color(agent, race_or_color): has_race_or_color(lewis garrard clarke, african-american) 5. has_race_or_color(agent, race_or_color): has_race_or_color(lewis garrard clarke, african-american) 6. has_race_or_color(agent, race_or_color): has_race_or_color(lewis garrard clarke, african-american) 7. has_race_or_color(agent, race_or_color): has_race_or_color(lewis garrard clarke, african-american) 8. has_race_or_color(agent, race_or_color): has_race_or_color(lewis garrard clarke, african-american) 9. has_race_or_color(agent, race_or_color): has_race_or_color(lewis garrard clarke, african-american) 10. has_race_or_color(agent, race_or_color): has_race_or_color(lewis garrard clarke, african-american) 11. has_race_or_color(agent, race_or_color): has_race_or_color(lewis garrard clarke, african-american) 12. has_race_or_color(agent, race_or_color): has_race_or_color(lewis garrard clarke, african-american) 13. has_race_or_color(agent, race_or_color): has_race_or_color(lewis garrard clarke, african-american) 14. has_race_or_color(agent, race_or_color): has_race_or_color(lewis garrard clarke, african-american) 15. has_race_or_color(agent, race_or_color): has_race_or_color(lewis garrard clarke, african-american) 16. has_race_or_color(agent, race_or_color): has_race_or_color(lewis garrard clarke, african-american) 17. has_race_or_color(agent, race_or_color): has_race_or_color(lewis garrard clarke, african-american) 18. has_race_or_color(agent, race_or_color): has_race_or_color(lewis garrard clarke, african-american) 19. has_race_or_color(agent, race_or_color): has_race_or_color(lewis garrard clarke, african-american) 20. has_race_or_color(agent, race_or_color): has_race_or_color(lewis garrard clarke, african-american) 21. has_race_or_color(agent, race_or_color): has_race_or_color(lewis garrard clarke, african-american) 22. has_race_or_color(agent, race_or_color): has_race_or_color(lewis garrard clarke, african-american) 23. has_race_or_color(agent, race_or_color): has_race_or_color(lewis garrard clarke, african-american) 24. has_race_or_color(agent, race_orcolor): has_race_or_color(lewis garrard clarke, african-american) 25. has_race_or_color(agent, race_orcolor): has_race_orcolor(lewis garrard clarke, african-american) 26. has_race_orcolor(agent, race_orcolor): has_race_orcolor(lewis garrard clarke, african-american) 27. has_race_orcolor(agent, race_orcolor): has_race_orcolor(lewis garrard clarke, african-american) 28. has_race_orcolor(agent, race_orcolor): has_race_orcolor(lewis garrard clarke, african-american) 29. has_race_orcolor(agent, race_orcolor): has_race_orcolor(lewis garrard clarke, african-american) 30. has_race_orcolor(agent, race_orcolor): has_race_orcolor(lewis garrard clarke, african-american) 31. has_race_orcolor(agent, race_orcolor): has_race_orcolor(lewis garrard clarke, african-american) 32. has_race_orcolor(agent, race_orcolor): has_race_orcolor(lewis garrard clarke, african-american) 33. has_race_orcolor(agent, race_orcolor): has_race_orcolor(lewis garrard clarke, african-american) 34. has_race_orcolor(agent, race_orcolor): has_race_orcolor(lewis garrard clarke, african-american) 35. has_race_orcolor(agent, race_orcolor): has_race_orcolor(lewis garrard clarke, african-american) 36. has_race_orcolor(agent, race_orcolor): has_race_orcolor(lewis garrard clarke, african-american) 37. has_race_orcolor(agent, race_orcolor): has_race_orcolor(lewis garrard clarke, african-american) 38. has_race_orcolor(agent, race_orcolor): has_race_orcolor(lewis garrard clarke, african-american) 39. has_race_orcolor(agent, race_orcolor): has_race_orcolor(lewis garrard clarke, african-american) 40. has_race_orcolor(agent, race_orcolor): has_race_orcolor(lewis garrard clarke, african-american) 41. has_race_orcolor(agent, race_orcolor): has_race_orcolor(lewis garrard clarke, african-american) 42. has_race_orcolor(agent, race_orcolor): has_race_orcolor(lewis garrard clarke, african-american) 43. has_race_orcolor(agent, race_orcolor): has_race_orcolor(lewis garrard clarke, african-american) 44. has_race_orcolor(agent, race_orcolor): has_race_orcolor(lewis garrard clarke, african-american) 45. has_race_orcolor(agent, race_orcolor): has_race_orcolor(lewis garrard clarke, african-american) 46. has_race_orcolor(agent, race_orcolor): has_race_orcolor(lewis garrard clarke, african-american) 47. has_race_orcolor(agent, race_orcolor): has_race_orcolor(lewis garrard clarke, african-american) 48. has_race_orcolor(agent, race_orcolor): has_race_orcolor(lewis garrard clarke, african-american) 49. has_race_orcolor(agent, race_orcolor): has_race_orcolor(lewis garrard clarke, african-american) 50. has_race_orcolor(agent, race_orcolor): has_race_orcolor(lewis garrard clarke, african-american) 51. has_race_orcolor(agent, race_orcolor): has_race_orcolor(lewis garrard clarke, african-american) 52. has_race_orcolor(agent, race_orcolor): has_race_orcolor(lewis garrard clarke, african-american) 53. has_race_orcolor(agent, race_orcolor): has_race_orcolor(lewis garrard clarke, african-american) 54. has_race_orcolor(agent, race_orcolor): has_race_orcolor(lewis garrard clarke, african-american) 55. has_race_orcolor(agent, race_orcolor): has_race_orcolor(lewis garrard clarke, african-american) 56. has_race_orcolor(agent, race_orcolor): has_race_orcolor(lewis garrard clarke, african-american) 57. has_race_orcolor(agent, race_orcolor): has_race_orcolor(lewis garrard clarke, african-american) 58. has_race_orcolor(agent, race_orcolor): has_race_or",32,0.42063492063492064,0,0.5262096919125311,0.0,0.0
hasdescriptiveoccupation,slave,on the,"text, the following ontology relations can be populated:",13,0.4305555555555555,13,0.3119047619047619,0.0,0.0
hasdescriptiveoccupation,slave,record,module:,27,0.6138888888888889,33,0.44761904761904764,0.0,0.0
hasdescriptiveoccupation,slave,has_name,name,25,0.5555555555555555,44,0.6333333333333333,0.0,0.0
hasdescriptiveoccupation,slave,has_name,lewis garrard clarke,25,0.5555555555555555,32,0.5,0.0,0.0
hasdescriptiveoccupation,slave,garrard,"clarke, 'lewis garrard clarke')",19,0.4067460317460318,22,0.4763440860215054,0.0,0.0
hasdescriptiveoccupation,slave,has_surname,surname,34,0.5474386724386724,50,0.6761904761904761,0.0,0.0
hasdescriptiveoccupation,slave,has_surname,clarke,34,0.5474386724386724,55,0.7000000000000001,0.0,0.0
hasdescriptiveoccupation,slave,garrard,"clarke, 'clarke')",19,0.4067460317460318,27,0.592156862745098,0.0,0.0
hasdescriptiveoccupation,slave,has_first_name,first_name,32,0.5615079365079364,40,0.43333333333333335,0.0,0.0
hasdescriptiveoccupation,slave,has_first_name,lewis,32,0.5615079365079364,40,0.4666666666666666,0.0,0.0
hasdescriptiveoccupation,slave,garrard,"clarke, 'lewis')",19,0.4067460317460318,29,0.5958333333333333,0.0,0.0
hasdescriptiveoccupation,slave,relationship record,module:,33,0.6137539361223572,33,0.44761904761904764,0.0,0.0
hasdescriptiveoccupation,slave,has_interagent_relationship_type_to,relationship_type,41,0.6037698412698412,27,0.48104575163398694,0.0,0.0
hasdescriptiveoccupation,slave,has_interagent_relationship_type_to,enslaver,41,0.6037698412698412,77,0.875,0.0,0.0
hasdescriptiveoccupation,slave,garrard,"clarke, 'enslaver')",19,0.4067460317460318,42,0.5859649122807017,0.0,0.0
hasdescriptiveoccupation,slave,is_relationship_to,agent,38,0.6264245014245015,40,0.0,0.0,0.0
hasdescriptiveoccupation,slave,is_relationship_to,samuel campbell,38,0.6264245014245015,40,0.6055555555555555,0.0,0.0
hasdescriptiveoccupation,slave,garrard,"clarke, 'samuel campbell')",19,0.4067460317460318,26,0.48461538461538467,0.0,0.0
hasdescriptiveoccupation,slave,record,module:,27,0.6138888888888889,33,0.44761904761904764,0.0,0.0
hasdescriptiveoccupation,slave,has_sex,sex_type,32,0.5742063492063493,31,0.5499999999999999,0.0,0.0
hasdescriptiveoccupation,slave,has_sex,male,32,0.5742063492063493,44,0.6722222222222222,0.0,0.0
hasdescriptiveoccupation,slave,garrard,"clarke, 'male')",19,0.4067460317460318,30,0.6,0.0,0.0
hasdescriptiveoccupation,slave,record,module:,27,0.6138888888888889,33,0.44761904761904764,0.0,0.0
hasdescriptiveoccupation,slave,has_occupation,occupation,68,0.8045940170940171,13,0.43333333333333335,0.0,0.0
hasdescriptiveoccupation,slave,has_occupation,slave,68,0.8045940170940171,100,1.0,0.0,1.0
hasdescriptiveoccupation,slave,has_occupation,educator,68,0.8045940170940171,15,0.44166666666666665,0.0,0.0
hasdescriptiveoccupation,slave,has_occupation,lawyer,68,0.8045940170940171,55,0.7000000000000001,0.0,0.0
hasdescriptiveoccupation,slave,has_occupation,and autobiographer,68,0.8045940170940171,17,0.4185185185185185,0.0,0.0
hasdescriptiveoccupation,slave,garrard,"clarke, 'slave, educator, lawyer, and autobiographer')",19,0.4067460317460318,17,0.5641975308641975,0.0,0.3032160644503863
hasdescriptiveoccupation,slave,record,module:,27,0.6138888888888889,33,0.44761904761904764,0.0,0.0
hasdescriptiveoccupation,slave,has_age,age,26,0.5793650793650794,50,0.0,0.0,0.0
hasdescriptiveoccupation,slave,has_age,?,26,0.5793650793650794,0,0.0,0.0,0.0
hasdescriptiveoccupation,slave,garrard,"clarke,?) (note: the age is not mentioned in the text)",19,0.4067460317460318,10,0.45802469135802476,0.0,0.0
hasdescriptiveoccupation,slave,has_birthdate,date_of_birth,38,0.6286324786324786,22,0.517948717948718,0.0,0.0
hasdescriptiveoccupation,slave,has_birthdate,?,38,0.6286324786324786,0,0.0,0.0,0.0
hasdescriptiveoccupation,slave,garrard,"clarke,?) (note: the birth date is not mentioned in the text)",19,0.4067460317460318,9,0.5497267759562842,0.0,0.0
hasdescriptiveoccupation,slave,has_deathdate,date_of_death,43,0.652065527065527,22,0.517948717948718,0.0,0.0
hasdescriptiveoccupation,slave,has_deathdate,?,43,0.652065527065527,0,0.0,0.0,0.0
hasdescriptiveoccupation,slave,garrard,"clarke,?) (note: the death date is not mentioned in the text)",19,0.4067460317460318,9,0.5497267759562842,0.0,0.0
hasdescriptiveoccupation,slave,status record,module:,32,0.540954415954416,33,0.44761904761904764,0.0,0.0
hasdescriptiveoccupation,slave,has_person_status,enslaved person,39,0.6241830065359477,50,0.6444444444444444,0.0,0.0
hasdescriptiveoccupation,slave,has_person_status,ex-slave,39,0.6241830065359477,77,0.875,0.0,0.5797386715376658
hasdescriptiveoccupation,slave,garrard,"clarke, 'enslaved person, ex-slave')",19,0.4067460317460318,24,0.5796296296296296,0.0,0.33517574332792605
hasdescriptiveoccupation,slave,record,module:,27,0.6138888888888889,33,0.44761904761904764,0.0,0.0
hasdescriptiveoccupation,slave,has_race_or_color,race_or_color,39,0.5977668845315903,22,0.517948717948718,0.0,0.0
hasdescriptiveoccupation,slave,has_race_or_color,african-american,39,0.5977668845315903,19,0.5083333333333333,0.0,0.0
hasdescriptiveoccupation,slave,has_race_or_color,race_or_color,39,0.5977668845315903,22,0.517948717948718,0.0,0.0
hasdescriptiveoccupation,slave,has_race_or_color,african-american,39,0.5977668845315903,19,0.5083333333333333,0.0,0.0
hasdescriptiveoccupation,slave,has_race_or_color,race_or_color,39,0.5977668845315903,22,0.517948717948718,0.0,0.0
hasdescriptiveoccupation,slave,has_race_or_color,african-american,39,0.5977668845315903,19,0.5083333333333333,0.0,0.0
hasdescriptiveoccupation,slave,has_race_or_color,race_or_color,39,0.5977668845315903,22,0.517948717948718,0.0,0.0
hasdescriptiveoccupation,slave,has_race_or_color,african-american,39,0.5977668845315903,19,0.5083333333333333,0.0,0.0
hasdescriptiveoccupation,slave,has_race_or_color,race_or_color,39,0.5977668845315903,22,0.517948717948718,0.0,0.0
hasdescriptiveoccupation,slave,has_race_or_color,african-american,39,0.5977668845315903,19,0.5083333333333333,0.0,0.0
hasdescriptiveoccupation,slave,has_race_or_color,race_or_color,39,0.5977668845315903,22,0.517948717948718,0.0,0.0
hasdescriptiveoccupation,slave,has_race_or_color,african-american,39,0.5977668845315903,19,0.5083333333333333,0.0,0.0
hasdescriptiveoccupation,slave,has_race_or_color,race_or_color,39,0.5977668845315903,22,0.517948717948718,0.0,0.0
hasdescriptiveoccupation,slave,has_race_or_color,african-american,39,0.5977668845315903,19,0.5083333333333333,0.0,0.0
hasdescriptiveoccupation,slave,has_race_or_color,race_or_color,39,0.5977668845315903,22,0.517948717948718,0.0,0.0
hasdescriptiveoccupation,slave,has_race_or_color,african-american,39,0.5977668845315903,19,0.5083333333333333,0.0,0.0
hasdescriptiveoccupation,slave,has_race_or_color,race_or_color,39,0.5977668845315903,22,0.517948717948718,0.0,0.0
hasdescriptiveoccupation,slave,has_race_or_color,african-american,39,0.5977668845315903,19,0.5083333333333333,0.0,0.0
hasdescriptiveoccupation,slave,has_race_or_color,race_or_color,39,0.5977668845315903,22,0.517948717948718,0.0,0.0
hasdescriptiveoccupation,slave,has_race_or_color,african-american,39,0.5977668845315903,19,0.5083333333333333,0.0,0.0
hasdescriptiveoccupation,slave,has_race_or_color,race_or_color,39,0.5977668845315903,22,0.517948717948718,0.0,0.0
hasdescriptiveoccupation,slave,has_race_or_color,african-american,39,0.5977668845315903,19,0.5083333333333333,0.0,0.0
hasdescriptiveoccupation,slave,has_race_or_color,race_or_color,39,0.5977668845315903,22,0.517948717948718,0.0,0.0
hasdescriptiveoccupation,slave,has_race_or_color,african-american,39,0.5977668845315903,19,0.5083333333333333,0.0,0.0
hasdescriptiveoccupation,slave,has_race_or_color,race_or_color,39,0.5977668845315903,22,0.517948717948718,0.0,0.0
hasdescriptiveoccupation,slave,has_race_or_color,african-american,39,0.5977668845315903,19,0.5083333333333333,0.0,0.0
hasdescriptiveoccupation,slave,has_race_or_color,race_or_color,39,0.5977668845315903,22,0.517948717948718,0.0,0.0
hasdescriptiveoccupation,slave,has_race_or_color,african-american,39,0.5977668845315903,19,0.5083333333333333,0.0,0.0
hasdescriptiveoccupation,slave,has_race_or_color,race_or_color,39,0.5977668845315903,22,0.517948717948718,0.0,0.0
hasdescriptiveoccupation,slave,has_race_or_color,african-american,39,0.5977668845315903,19,0.5083333333333333,0.0,0.0
hasdescriptiveoccupation,slave,has_race_or_color,race_or_color,39,0.5977668845315903,22,0.517948717948718,0.0,0.0
hasdescriptiveoccupation,slave,has_race_or_color,african-american,39,0.5977668845315903,19,0.5083333333333333,0.0,0.0
hasdescriptiveoccupation,slave,has_race_or_color,race_or_color,39,0.5977668845315903,22,0.517948717948718,0.0,0.0
hasdescriptiveoccupation,slave,has_race_or_color,african-american,39,0.5977668845315903,19,0.5083333333333333,0.0,0.0
hasdescriptiveoccupation,slave,has_race_or_color,race_or_color,39,0.5977668845315903,22,0.517948717948718,0.0,0.0
hasdescriptiveoccupation,slave,has_race_or_color,african-american,39,0.5977668845315903,19,0.5083333333333333,0.0,0.0
hasdescriptiveoccupation,slave,has_race_or_color,race_or_color,39,0.5977668845315903,22,0.517948717948718,0.0,0.0
hasdescriptiveoccupation,slave,has_race_or_color,african-american,39,0.5977668845315903,19,0.5083333333333333,0.0,0.0
hasdescriptiveoccupation,slave,has_race_or_color,race_or_color,39,0.5977668845315903,22,0.517948717948718,0.0,0.0
hasdescriptiveoccupation,slave,has_race_or_color,african-american,39,0.5977668845315903,19,0.5083333333333333,0.0,0.0
hasdescriptiveoccupation,slave,has_race_or_color,race_or_color,39,0.5977668845315903,22,0.517948717948718,0.0,0.0
hasdescriptiveoccupation,slave,has_race_or_color,african-american,39,0.5977668845315903,19,0.5083333333333333,0.0,0.0
hasdescriptiveoccupation,slave,has_race_or_color,race_or_color,39,0.5977668845315903,22,0.517948717948718,0.0,0.0
hasdescriptiveoccupation,slave,has_race_or_color,african-american,39,0.5977668845315903,19,0.5083333333333333,0.0,0.0
hasdescriptiveoccupation,slave,has_race_or_color,race_or_color,39,0.5977668845315903,22,0.517948717948718,0.0,0.0
hasdescriptiveoccupation,slave,has_race_or_color,african-american,39,0.5977668845315903,19,0.5083333333333333,0.0,0.0
hasdescriptiveoccupation,slave,has_race_or_color,race_orcolor,39,0.5977668845315903,24,0.5222222222222223,0.0,0.0
hasdescriptiveoccupation,slave,has_race_or_color,african-american,39,0.5977668845315903,19,0.5083333333333333,0.0,0.0
hasdescriptiveoccupation,slave,has_race_or_color,race_orcolor,39,0.5977668845315903,24,0.5222222222222223,0.0,0.0
hasdescriptiveoccupation,slave,has_race_orcolor,african-american,40,0.6087962962962963,19,0.5083333333333333,0.0,0.0
hasdescriptiveoccupation,slave,has_race_orcolor,race_orcolor,40,0.6087962962962963,24,0.5222222222222223,0.0,0.0
hasdescriptiveoccupation,slave,has_race_orcolor,african-american,40,0.6087962962962963,19,0.5083333333333333,0.0,0.0
hasdescriptiveoccupation,slave,has_race_orcolor,race_orcolor,40,0.6087962962962963,24,0.5222222222222223,0.0,0.0
hasdescriptiveoccupation,slave,has_race_orcolor,african-american,40,0.6087962962962963,19,0.5083333333333333,0.0,0.0
hasdescriptiveoccupation,slave,has_race_orcolor,race_orcolor,40,0.6087962962962963,24,0.5222222222222223,0.0,0.0
hasdescriptiveoccupation,slave,has_race_orcolor,african-american,40,0.6087962962962963,19,0.5083333333333333,0.0,0.0
hasdescriptiveoccupation,slave,has_race_orcolor,race_orcolor,40,0.6087962962962963,24,0.5222222222222223,0.0,0.0
hasdescriptiveoccupation,slave,has_race_orcolor,african-american,40,0.6087962962962963,19,0.5083333333333333,0.0,0.0
hasdescriptiveoccupation,slave,has_race_orcolor,race_orcolor,40,0.6087962962962963,24,0.5222222222222223,0.0,0.0
hasdescriptiveoccupation,slave,has_race_orcolor,african-american,40,0.6087962962962963,19,0.5083333333333333,0.0,0.0
hasdescriptiveoccupation,slave,has_race_orcolor,race_orcolor,40,0.6087962962962963,24,0.5222222222222223,0.0,0.0
hasdescriptiveoccupation,slave,has_race_orcolor,african-american,40,0.6087962962962963,19,0.5083333333333333,0.0,0.0
hasdescriptiveoccupation,slave,has_race_orcolor,race_orcolor,40,0.6087962962962963,24,0.5222222222222223,0.0,0.0
hasdescriptiveoccupation,slave,has_race_orcolor,african-american,40,0.6087962962962963,19,0.5083333333333333,0.0,0.0
hasdescriptiveoccupation,slave,has_race_orcolor,race_orcolor,40,0.6087962962962963,24,0.5222222222222223,0.0,0.0
hasdescriptiveoccupation,slave,has_race_orcolor,african-american,40,0.6087962962962963,19,0.5083333333333333,0.0,0.0
hasdescriptiveoccupation,slave,has_race_orcolor,race_orcolor,40,0.6087962962962963,24,0.5222222222222223,0.0,0.0
hasdescriptiveoccupation,slave,has_race_orcolor,african-american,40,0.6087962962962963,19,0.5083333333333333,0.0,0.0
hasdescriptiveoccupation,slave,has_race_orcolor,race_orcolor,40,0.6087962962962963,24,0.5222222222222223,0.0,0.0
hasdescriptiveoccupation,slave,has_race_orcolor,african-american,40,0.6087962962962963,19,0.5083333333333333,0.0,0.0
hasdescriptiveoccupation,slave,has_race_orcolor,race_orcolor,40,0.6087962962962963,24,0.5222222222222223,0.0,0.0
hasdescriptiveoccupation,slave,has_race_orcolor,african-american,40,0.6087962962962963,19,0.5083333333333333,0.0,0.0
hasdescriptiveoccupation,slave,has_race_orcolor,race_orcolor,40,0.6087962962962963,24,0.5222222222222223,0.0,0.0
hasdescriptiveoccupation,slave,has_race_orcolor,african-american,40,0.6087962962962963,19,0.5083333333333333,0.0,0.0
hasdescriptiveoccupation,slave,has_race_orcolor,race_orcolor,40,0.6087962962962963,24,0.5222222222222223,0.0,0.0
hasdescriptiveoccupation,slave,has_race_orcolor,african-american,40,0.6087962962962963,19,0.5083333333333333,0.0,0.0
hasdescriptiveoccupation,slave,has_race_orcolor,race_orcolor,40,0.6087962962962963,24,0.5222222222222223,0.0,0.0
hasdescriptiveoccupation,slave,has_race_orcolor,african-american,40,0.6087962962962963,19,0.5083333333333333,0.0,0.0
hasdescriptiveoccupation,slave,has_race_orcolor,race_orcolor,40,0.6087962962962963,24,0.5222222222222223,0.0,0.0
hasdescriptiveoccupation,slave,has_race_orcolor,african-american,40,0.6087962962962963,19,0.5083333333333333,0.0,0.0
hasdescriptiveoccupation,slave,has_race_orcolor,race_orcolor,40,0.6087962962962963,24,0.5222222222222223,0.0,0.0
hasdescriptiveoccupation,slave,has_race_orcolor,african-american,40,0.6087962962962963,19,0.5083333333333333,0.0,0.0
hasdescriptiveoccupation,slave,has_race_orcolor,race_orcolor,40,0.6087962962962963,24,0.5222222222222223,0.0,0.0
hasdescriptiveoccupation,slave,has_race_orcolor,african-american,40,0.6087962962962963,19,0.5083333333333333,0.0,0.0
hasdescriptiveoccupation,slave,has_race_orcolor,race_orcolor,40,0.6087962962962963,24,0.5222222222222223,0.0,0.0
hasdescriptiveoccupation,slave,has_race_orcolor,african-american,40,0.6087962962962963,19,0.5083333333333333,0.0,0.0
hasdescriptiveoccupation,slave,has_race_orcolor,race_orcolor,40,0.6087962962962963,24,0.5222222222222223,0.0,0.0
hasdescriptiveoccupation,slave,has_race_orcolor,african-american,40,0.6087962962962963,19,0.5083333333333333,0.0,0.0
hasdescriptiveoccupation,slave,has_race_orcolor,race_orcolor,40,0.6087962962962963,24,0.5222222222222223,0.0,0.0
hasdescriptiveoccupation,slave,has_race_orcolor,african-american,40,0.6087962962962963,19,0.5083333333333333,0.0,0.0
hasdescriptiveoccupation,slave,has_race_orcolor,race_orcolor,40,0.6087962962962963,24,0.5222222222222223,0.0,0.0
hasdescriptiveoccupation,slave,has_race_orcolor,african-american,40,0.6087962962962963,19,0.5083333333333333,0.0,0.0
hasdescriptiveoccupation,slave,has_race_orcolor,race_orcolor,40,0.6087962962962963,24,0.5222222222222223,0.0,0.0
hasdescriptiveoccupation,slave,has_race_orcolor,african-american,40,0.6087962962962963,19,0.5083333333333333,0.0,0.0
hasdescriptiveoccupation,slave,has_race_orcolor,race_orcolor,40,0.6087962962962963,24,0.5222222222222223,0.0,0.0
hasdescriptiveoccupation,slave,has_race_orcolor,african-american,40,0.6087962962962963,19,0.5083333333333333,0.0,0.0
hasdescriptiveoccupation,slave,has_race_orcolor,race_orcolor,40,0.6087962962962963,24,0.5222222222222223,0.0,0.0
hasdescriptiveoccupation,slave,has_race_orcolor,african-american,40,0.6087962962962963,19,0.5083333333333333,0.0,0.0
hasdescriptiveoccupation,slave,has_race_orcolor,race_orcolor,40,0.6087962962962963,24,0.5222222222222223,0.0,0.0
hasdescriptiveoccupation,slave,has_race_orcolor,african-american,40,0.6087962962962963,19,0.5083333333333333,0.0,0.0
hasdescriptiveoccupation,slave,has_race_orcolor,race_orcolor,40,0.6087962962962963,24,0.5222222222222223,0.0,0.0
hasdescriptiveoccupation,slave,has_race_orcolor,african-american,40,0.6087962962962963,19,0.5083333333333333,0.0,0.0
hasdescriptiveoccupation,slave,has_race_orcolor,race_orcolor,40,0.6087962962962963,24,0.5222222222222223,0.0,0.0
hasdescriptiveoccupation,slave,has_race_orcolor,african-american,40,0.6087962962962963,19,0.5083333333333333,0.0,0.0
hasdescriptiveoccupation,slave,has_race_orcolor,race_orcolor,40,0.6087962962962963,24,0.5222222222222223,0.0,0.0
hasdescriptiveoccupation,slave,has_race_orcolor,african-american,40,0.6087962962962963,19,0.5083333333333333,0.0,0.0
hasdescriptiveoccupation,slave,has_race_orcolor,race_orcolor,40,0.6087962962962963,24,0.5222222222222223,0.0,0.0
hasdescriptiveoccupation,slave,has_race_orcolor,african-american,40,0.6087962962962963,19,0.5083333333333333,0.0,0.0
hasdescriptiveoccupation,slave,has_race_orcolor,race_orcolor,40,0.6087962962962963,24,0.5222222222222223,0.0,0.0
hasdescriptiveoccupation,slave,has_race_orcolor,african-american,40,0.6087962962962963,19,0.5083333333333333,0.0,0.0
hasdescriptiveoccupation,slave,has_race_orcolor,race_orcolor,40,0.6087962962962963,24,0.5222222222222223,0.0,0.0
hasdescriptiveoccupation,slave,has_race_orcolor,african-american,40,0.6087962962962963,19,0.5083333333333333,0.0,0.0
hasdescriptiveoccupation,slave,has_race_orcolor,race_orcolor,40,0.6087962962962963,24,0.5222222222222223,0.0,0.0
hasdescriptiveoccupation,slave,has_race_orcolor,african-american,40,0.6087962962962963,19,0.5083333333333333,0.0,0.0
hasdescriptiveoccupation,slave,has_race_orcolor,race_orcolor,40,0.6087962962962963,24,0.5222222222222223,0.0,0.0
hasdescriptiveoccupation,slave,garrard,"clarke, african-american) 2. has_race_or_color(agent, race_or_color): has_race_or_color(lewis garrard clarke, african-american) 3. has_race_or_color(agent, race_or_color): has_race_or_color(lewis garrard clarke, african-american) 4. has_race_or_color(agent, race_or_color): has_race_or_color(lewis garrard clarke, african-american) 5. has_race_or_color(agent, race_or_color): has_race_or_color(lewis garrard clarke, african-american) 6. has_race_or_color(agent, race_or_color): has_race_or_color(lewis garrard clarke, african-american) 7. has_race_or_color(agent, race_or_color): has_race_or_color(lewis garrard clarke, african-american) 8. has_race_or_color(agent, race_or_color): has_race_or_color(lewis garrard clarke, african-american) 9. has_race_or_color(agent, race_or_color): has_race_or_color(lewis garrard clarke, african-american) 10. has_race_or_color(agent, race_or_color): has_race_or_color(lewis garrard clarke, african-american) 11. has_race_or_color(agent, race_or_color): has_race_or_color(lewis garrard clarke, african-american) 12. has_race_or_color(agent, race_or_color): has_race_or_color(lewis garrard clarke, african-american) 13. has_race_or_color(agent, race_or_color): has_race_or_color(lewis garrard clarke, african-american) 14. has_race_or_color(agent, race_or_color): has_race_or_color(lewis garrard clarke, african-american) 15. has_race_or_color(agent, race_or_color): has_race_or_color(lewis garrard clarke, african-american) 16. has_race_or_color(agent, race_or_color): has_race_or_color(lewis garrard clarke, african-american) 17. has_race_or_color(agent, race_or_color): has_race_or_color(lewis garrard clarke, african-american) 18. has_race_or_color(agent, race_or_color): has_race_or_color(lewis garrard clarke, african-american) 19. has_race_or_color(agent, race_or_color): has_race_or_color(lewis garrard clarke, african-american) 20. has_race_or_color(agent, race_or_color): has_race_or_color(lewis garrard clarke, african-american) 21. has_race_or_color(agent, race_or_color): has_race_or_color(lewis garrard clarke, african-american) 22. has_race_or_color(agent, race_or_color): has_race_or_color(lewis garrard clarke, african-american) 23. has_race_or_color(agent, race_or_color): has_race_or_color(lewis garrard clarke, african-american) 24. has_race_or_color(agent, race_orcolor): has_race_or_color(lewis garrard clarke, african-american) 25. has_race_or_color(agent, race_orcolor): has_race_orcolor(lewis garrard clarke, african-american) 26. has_race_orcolor(agent, race_orcolor): has_race_orcolor(lewis garrard clarke, african-american) 27. has_race_orcolor(agent, race_orcolor): has_race_orcolor(lewis garrard clarke, african-american) 28. has_race_orcolor(agent, race_orcolor): has_race_orcolor(lewis garrard clarke, african-american) 29. has_race_orcolor(agent, race_orcolor): has_race_orcolor(lewis garrard clarke, african-american) 30. has_race_orcolor(agent, race_orcolor): has_race_orcolor(lewis garrard clarke, african-american) 31. has_race_orcolor(agent, race_orcolor): has_race_orcolor(lewis garrard clarke, african-american) 32. has_race_orcolor(agent, race_orcolor): has_race_orcolor(lewis garrard clarke, african-american) 33. has_race_orcolor(agent, race_orcolor): has_race_orcolor(lewis garrard clarke, african-american) 34. has_race_orcolor(agent, race_orcolor): has_race_orcolor(lewis garrard clarke, african-american) 35. has_race_orcolor(agent, race_orcolor): has_race_orcolor(lewis garrard clarke, african-american) 36. has_race_orcolor(agent, race_orcolor): has_race_orcolor(lewis garrard clarke, african-american) 37. has_race_orcolor(agent, race_orcolor): has_race_orcolor(lewis garrard clarke, african-american) 38. has_race_orcolor(agent, race_orcolor): has_race_orcolor(lewis garrard clarke, african-american) 39. has_race_orcolor(agent, race_orcolor): has_race_orcolor(lewis garrard clarke, african-american) 40. has_race_orcolor(agent, race_orcolor): has_race_orcolor(lewis garrard clarke, african-american) 41. has_race_orcolor(agent, race_orcolor): has_race_orcolor(lewis garrard clarke, african-american) 42. has_race_orcolor(agent, race_orcolor): has_race_orcolor(lewis garrard clarke, african-american) 43. has_race_orcolor(agent, race_orcolor): has_race_orcolor(lewis garrard clarke, african-american) 44. has_race_orcolor(agent, race_orcolor): has_race_orcolor(lewis garrard clarke, african-american) 45. has_race_orcolor(agent, race_orcolor): has_race_orcolor(lewis garrard clarke, african-american) 46. has_race_orcolor(agent, race_orcolor): has_race_orcolor(lewis garrard clarke, african-american) 47. has_race_orcolor(agent, race_orcolor): has_race_orcolor(lewis garrard clarke, african-american) 48. has_race_orcolor(agent, race_orcolor): has_race_orcolor(lewis garrard clarke, african-american) 49. has_race_orcolor(agent, race_orcolor): has_race_orcolor(lewis garrard clarke, african-american) 50. has_race_orcolor(agent, race_orcolor): has_race_orcolor(lewis garrard clarke, african-american) 51. has_race_orcolor(agent, race_orcolor): has_race_orcolor(lewis garrard clarke, african-american) 52. has_race_orcolor(agent, race_orcolor): has_race_orcolor(lewis garrard clarke, african-american) 53. has_race_orcolor(agent, race_orcolor): has_race_orcolor(lewis garrard clarke, african-american) 54. has_race_orcolor(agent, race_orcolor): has_race_orcolor(lewis garrard clarke, african-american) 55. has_race_orcolor(agent, race_orcolor): has_race_orcolor(lewis garrard clarke, african-american) 56. has_race_orcolor(agent, race_orcolor): has_race_orcolor(lewis garrard clarke, african-american) 57. has_race_orcolor(agent, race_orcolor): has_race_orcolor(lewis garrard clarke, african-american) 58. has_race_orcolor(agent, race_orcolor): has_race_or",19,0.4067460317460318,0,0.4335655809092493,0.0,0.0
hasdescriptiveoccupation,lecturer,on the,"text, the following ontology relations can be populated:",13,0.4305555555555555,16,0.4380952380952381,0.0,0.0
hasdescriptiveoccupation,lecturer,record,module:,27,0.6138888888888889,27,0.5119047619047619,0.0,0.0
hasdescriptiveoccupation,lecturer,has_name,name,25,0.5555555555555555,17,0.4583333333333333,0.0,0.0
hasdescriptiveoccupation,lecturer,has_name,lewis garrard clarke,25,0.5555555555555555,36,0.5666666666666667,0.0,0.0
hasdescriptiveoccupation,lecturer,garrard,"clarke, 'lewis garrard clarke')",19,0.4067460317460318,26,0.5367383512544803,0.0,0.0
hasdescriptiveoccupation,lecturer,has_surname,surname,34,0.5474386724386724,40,0.6011904761904762,0.0,0.0
hasdescriptiveoccupation,lecturer,has_surname,clarke,34,0.5474386724386724,43,0.6388888888888888,0.0,0.0
hasdescriptiveoccupation,lecturer,garrard,"clarke, 'clarke')",19,0.4067460317460318,40,0.5063725490196078,0.0,0.0
hasdescriptiveoccupation,lecturer,has_first_name,first_name,32,0.5615079365079364,22,0.44722222222222224,0.0,0.0
hasdescriptiveoccupation,lecturer,has_first_name,lewis,32,0.5615079365079364,31,0.5499999999999999,0.0,0.0
hasdescriptiveoccupation,lecturer,garrard,"clarke, 'lewis')",19,0.4067460317460318,25,0.5125000000000001,0.0,0.0
hasdescriptiveoccupation,lecturer,relationship record,module:,33,0.6137539361223572,27,0.5119047619047619,0.0,0.0
hasdescriptiveoccupation,lecturer,has_interagent_relationship_type_to,relationship_type,41,0.6037698412698412,24,0.4950980392156863,0.0,0.0
hasdescriptiveoccupation,lecturer,has_interagent_relationship_type_to,enslaver,41,0.6037698412698412,38,0.5,0.0,0.0
hasdescriptiveoccupation,lecturer,garrard,"clarke, 'enslaver')",19,0.4067460317460318,30,0.49605263157894736,0.0,0.0
hasdescriptiveoccupation,lecturer,is_relationship_to,agent,38,0.6264245014245015,31,0.5499999999999999,0.0,0.0
hasdescriptiveoccupation,lecturer,is_relationship_to,samuel campbell,38,0.6264245014245015,26,0.5861111111111111,0.0,0.0
hasdescriptiveoccupation,lecturer,garrard,"clarke, 'samuel campbell')",19,0.4067460317460318,24,0.5491452991452991,0.0,0.0
hasdescriptiveoccupation,lecturer,record,module:,27,0.6138888888888889,27,0.5119047619047619,0.0,0.0
hasdescriptiveoccupation,lecturer,has_sex,sex_type,32,0.5742063492063493,38,0.5833333333333334,0.0,0.0
hasdescriptiveoccupation,lecturer,has_sex,male,32,0.5742063492063493,33,0.5833333333333334,0.0,0.0
hasdescriptiveoccupation,lecturer,garrard,"clarke, 'male')",19,0.4067460317460318,26,0.5194444444444444,0.0,0.0
hasdescriptiveoccupation,lecturer,record,module:,27,0.6138888888888889,27,0.5119047619047619,0.0,0.0
hasdescriptiveoccupation,lecturer,has_occupation,occupation,68,0.8045940170940171,22,0.44722222222222224,0.0,0.0
hasdescriptiveoccupation,lecturer,has_occupation,slave,68,0.8045940170940171,31,0.5499999999999999,0.0,0.0
hasdescriptiveoccupation,lecturer,has_occupation,educator,68,0.8045940170940171,50,0.6833333333333332,0.0,0.0
hasdescriptiveoccupation,lecturer,has_occupation,lawyer,68,0.8045940170940171,43,0.625,0.0,0.0
hasdescriptiveoccupation,lecturer,has_occupation,and autobiographer,68,0.8045940170940171,31,0.40277777777777773,0.0,0.0
hasdescriptiveoccupation,lecturer,garrard,"clarke, 'slave, educator, lawyer, and autobiographer')",19,0.4067460317460318,26,0.5910493827160493,0.0,0.0
hasdescriptiveoccupation,lecturer,record,module:,27,0.6138888888888889,27,0.5119047619047619,0.0,0.0
hasdescriptiveoccupation,lecturer,has_age,age,26,0.5793650793650794,18,0.4861111111111111,0.0,0.0
hasdescriptiveoccupation,lecturer,has_age,?,26,0.5793650793650794,0,0.0,0.0,0.0
hasdescriptiveoccupation,lecturer,garrard,"clarke,?) (note: the age is not mentioned in the text)",19,0.4067460317460318,13,0.5092592592592592,0.0,0.0
hasdescriptiveoccupation,lecturer,has_birthdate,date_of_birth,38,0.6286324786324786,29,0.42414529914529914,0.0,0.0
hasdescriptiveoccupation,lecturer,has_birthdate,?,38,0.6286324786324786,0,0.0,0.0,0.0
hasdescriptiveoccupation,lecturer,garrard,"clarke,?) (note: the birth date is not mentioned in the text)",19,0.4067460317460318,14,0.5680132708821234,0.0,0.0
hasdescriptiveoccupation,lecturer,has_deathdate,date_of_death,43,0.652065527065527,19,0.42414529914529914,0.0,0.0
hasdescriptiveoccupation,lecturer,has_deathdate,?,43,0.652065527065527,0,0.0,0.0,0.0
hasdescriptiveoccupation,lecturer,garrard,"clarke,?) (note: the death date is not mentioned in the text)",19,0.4067460317460318,12,0.5050091074681239,0.0,0.0
hasdescriptiveoccupation,lecturer,status record,module:,32,0.540954415954416,27,0.5119047619047619,0.0,0.0
hasdescriptiveoccupation,lecturer,has_person_status,enslaved person,39,0.6241830065359477,35,0.4222222222222222,0.0,0.0
hasdescriptiveoccupation,lecturer,has_person_status,ex-slave,39,0.6241830065359477,25,0.5,0.0,0.0
hasdescriptiveoccupation,lecturer,garrard,"clarke, 'enslaved person, ex-slave')",19,0.4067460317460318,18,0.5277777777777778,0.0,0.0
hasdescriptiveoccupation,lecturer,record,module:,27,0.6138888888888889,27,0.5119047619047619,0.0,0.0
hasdescriptiveoccupation,lecturer,has_race_or_color,race_or_color,39,0.5977668845315903,29,0.5192307692307693,0.0,0.0
hasdescriptiveoccupation,lecturer,has_race_or_color,african-american,39,0.5977668845315903,25,0.5,0.0,0.0
hasdescriptiveoccupation,lecturer,has_race_or_color,race_or_color,39,0.5977668845315903,29,0.5192307692307693,0.0,0.0
hasdescriptiveoccupation,lecturer,has_race_or_color,african-american,39,0.5977668845315903,25,0.5,0.0,0.0
hasdescriptiveoccupation,lecturer,has_race_or_color,race_or_color,39,0.5977668845315903,29,0.5192307692307693,0.0,0.0
hasdescriptiveoccupation,lecturer,has_race_or_color,african-american,39,0.5977668845315903,25,0.5,0.0,0.0
hasdescriptiveoccupation,lecturer,has_race_or_color,race_or_color,39,0.5977668845315903,29,0.5192307692307693,0.0,0.0
hasdescriptiveoccupation,lecturer,has_race_or_color,african-american,39,0.5977668845315903,25,0.5,0.0,0.0
hasdescriptiveoccupation,lecturer,has_race_or_color,race_or_color,39,0.5977668845315903,29,0.5192307692307693,0.0,0.0
hasdescriptiveoccupation,lecturer,has_race_or_color,african-american,39,0.5977668845315903,25,0.5,0.0,0.0
hasdescriptiveoccupation,lecturer,has_race_or_color,race_or_color,39,0.5977668845315903,29,0.5192307692307693,0.0,0.0
hasdescriptiveoccupation,lecturer,has_race_or_color,african-american,39,0.5977668845315903,25,0.5,0.0,0.0
hasdescriptiveoccupation,lecturer,has_race_or_color,race_or_color,39,0.5977668845315903,29,0.5192307692307693,0.0,0.0
hasdescriptiveoccupation,lecturer,has_race_or_color,african-american,39,0.5977668845315903,25,0.5,0.0,0.0
hasdescriptiveoccupation,lecturer,has_race_or_color,race_or_color,39,0.5977668845315903,29,0.5192307692307693,0.0,0.0
hasdescriptiveoccupation,lecturer,has_race_or_color,african-american,39,0.5977668845315903,25,0.5,0.0,0.0
hasdescriptiveoccupation,lecturer,has_race_or_color,race_or_color,39,0.5977668845315903,29,0.5192307692307693,0.0,0.0
hasdescriptiveoccupation,lecturer,has_race_or_color,african-american,39,0.5977668845315903,25,0.5,0.0,0.0
hasdescriptiveoccupation,lecturer,has_race_or_color,race_or_color,39,0.5977668845315903,29,0.5192307692307693,0.0,0.0
hasdescriptiveoccupation,lecturer,has_race_or_color,african-american,39,0.5977668845315903,25,0.5,0.0,0.0
hasdescriptiveoccupation,lecturer,has_race_or_color,race_or_color,39,0.5977668845315903,29,0.5192307692307693,0.0,0.0
hasdescriptiveoccupation,lecturer,has_race_or_color,african-american,39,0.5977668845315903,25,0.5,0.0,0.0
hasdescriptiveoccupation,lecturer,has_race_or_color,race_or_color,39,0.5977668845315903,29,0.5192307692307693,0.0,0.0
hasdescriptiveoccupation,lecturer,has_race_or_color,african-american,39,0.5977668845315903,25,0.5,0.0,0.0
hasdescriptiveoccupation,lecturer,has_race_or_color,race_or_color,39,0.5977668845315903,29,0.5192307692307693,0.0,0.0
hasdescriptiveoccupation,lecturer,has_race_or_color,african-american,39,0.5977668845315903,25,0.5,0.0,0.0
hasdescriptiveoccupation,lecturer,has_race_or_color,race_or_color,39,0.5977668845315903,29,0.5192307692307693,0.0,0.0
hasdescriptiveoccupation,lecturer,has_race_or_color,african-american,39,0.5977668845315903,25,0.5,0.0,0.0
hasdescriptiveoccupation,lecturer,has_race_or_color,race_or_color,39,0.5977668845315903,29,0.5192307692307693,0.0,0.0
hasdescriptiveoccupation,lecturer,has_race_or_color,african-american,39,0.5977668845315903,25,0.5,0.0,0.0
hasdescriptiveoccupation,lecturer,has_race_or_color,race_or_color,39,0.5977668845315903,29,0.5192307692307693,0.0,0.0
hasdescriptiveoccupation,lecturer,has_race_or_color,african-american,39,0.5977668845315903,25,0.5,0.0,0.0
hasdescriptiveoccupation,lecturer,has_race_or_color,race_or_color,39,0.5977668845315903,29,0.5192307692307693,0.0,0.0
hasdescriptiveoccupation,lecturer,has_race_or_color,african-american,39,0.5977668845315903,25,0.5,0.0,0.0
hasdescriptiveoccupation,lecturer,has_race_or_color,race_or_color,39,0.5977668845315903,29,0.5192307692307693,0.0,0.0
hasdescriptiveoccupation,lecturer,has_race_or_color,african-american,39,0.5977668845315903,25,0.5,0.0,0.0
hasdescriptiveoccupation,lecturer,has_race_or_color,race_or_color,39,0.5977668845315903,29,0.5192307692307693,0.0,0.0
hasdescriptiveoccupation,lecturer,has_race_or_color,african-american,39,0.5977668845315903,25,0.5,0.0,0.0
hasdescriptiveoccupation,lecturer,has_race_or_color,race_or_color,39,0.5977668845315903,29,0.5192307692307693,0.0,0.0
hasdescriptiveoccupation,lecturer,has_race_or_color,african-american,39,0.5977668845315903,25,0.5,0.0,0.0
hasdescriptiveoccupation,lecturer,has_race_or_color,race_or_color,39,0.5977668845315903,29,0.5192307692307693,0.0,0.0
hasdescriptiveoccupation,lecturer,has_race_or_color,african-american,39,0.5977668845315903,25,0.5,0.0,0.0
hasdescriptiveoccupation,lecturer,has_race_or_color,race_or_color,39,0.5977668845315903,29,0.5192307692307693,0.0,0.0
hasdescriptiveoccupation,lecturer,has_race_or_color,african-american,39,0.5977668845315903,25,0.5,0.0,0.0
hasdescriptiveoccupation,lecturer,has_race_or_color,race_or_color,39,0.5977668845315903,29,0.5192307692307693,0.0,0.0
hasdescriptiveoccupation,lecturer,has_race_or_color,african-american,39,0.5977668845315903,25,0.5,0.0,0.0
hasdescriptiveoccupation,lecturer,has_race_or_color,race_orcolor,39,0.5977668845315903,30,0.5277777777777778,0.0,0.0
hasdescriptiveoccupation,lecturer,has_race_or_color,african-american,39,0.5977668845315903,25,0.5,0.0,0.0
hasdescriptiveoccupation,lecturer,has_race_or_color,race_orcolor,39,0.5977668845315903,30,0.5277777777777778,0.0,0.0
hasdescriptiveoccupation,lecturer,has_race_orcolor,african-american,40,0.6087962962962963,25,0.5,0.0,0.0
hasdescriptiveoccupation,lecturer,has_race_orcolor,race_orcolor,40,0.6087962962962963,30,0.5277777777777778,0.0,0.0
hasdescriptiveoccupation,lecturer,has_race_orcolor,african-american,40,0.6087962962962963,25,0.5,0.0,0.0
hasdescriptiveoccupation,lecturer,has_race_orcolor,race_orcolor,40,0.6087962962962963,30,0.5277777777777778,0.0,0.0
hasdescriptiveoccupation,lecturer,has_race_orcolor,african-american,40,0.6087962962962963,25,0.5,0.0,0.0
hasdescriptiveoccupation,lecturer,has_race_orcolor,race_orcolor,40,0.6087962962962963,30,0.5277777777777778,0.0,0.0
hasdescriptiveoccupation,lecturer,has_race_orcolor,african-american,40,0.6087962962962963,25,0.5,0.0,0.0
hasdescriptiveoccupation,lecturer,has_race_orcolor,race_orcolor,40,0.6087962962962963,30,0.5277777777777778,0.0,0.0
hasdescriptiveoccupation,lecturer,has_race_orcolor,african-american,40,0.6087962962962963,25,0.5,0.0,0.0
hasdescriptiveoccupation,lecturer,has_race_orcolor,race_orcolor,40,0.6087962962962963,30,0.5277777777777778,0.0,0.0
hasdescriptiveoccupation,lecturer,has_race_orcolor,african-american,40,0.6087962962962963,25,0.5,0.0,0.0
hasdescriptiveoccupation,lecturer,has_race_orcolor,race_orcolor,40,0.6087962962962963,30,0.5277777777777778,0.0,0.0
hasdescriptiveoccupation,lecturer,has_race_orcolor,african-american,40,0.6087962962962963,25,0.5,0.0,0.0
hasdescriptiveoccupation,lecturer,has_race_orcolor,race_orcolor,40,0.6087962962962963,30,0.5277777777777778,0.0,0.0
hasdescriptiveoccupation,lecturer,has_race_orcolor,african-american,40,0.6087962962962963,25,0.5,0.0,0.0
hasdescriptiveoccupation,lecturer,has_race_orcolor,race_orcolor,40,0.6087962962962963,30,0.5277777777777778,0.0,0.0
hasdescriptiveoccupation,lecturer,has_race_orcolor,african-american,40,0.6087962962962963,25,0.5,0.0,0.0
hasdescriptiveoccupation,lecturer,has_race_orcolor,race_orcolor,40,0.6087962962962963,30,0.5277777777777778,0.0,0.0
hasdescriptiveoccupation,lecturer,has_race_orcolor,african-american,40,0.6087962962962963,25,0.5,0.0,0.0
hasdescriptiveoccupation,lecturer,has_race_orcolor,race_orcolor,40,0.6087962962962963,30,0.5277777777777778,0.0,0.0
hasdescriptiveoccupation,lecturer,has_race_orcolor,african-american,40,0.6087962962962963,25,0.5,0.0,0.0
hasdescriptiveoccupation,lecturer,has_race_orcolor,race_orcolor,40,0.6087962962962963,30,0.5277777777777778,0.0,0.0
hasdescriptiveoccupation,lecturer,has_race_orcolor,african-american,40,0.6087962962962963,25,0.5,0.0,0.0
hasdescriptiveoccupation,lecturer,has_race_orcolor,race_orcolor,40,0.6087962962962963,30,0.5277777777777778,0.0,0.0
hasdescriptiveoccupation,lecturer,has_race_orcolor,african-american,40,0.6087962962962963,25,0.5,0.0,0.0
hasdescriptiveoccupation,lecturer,has_race_orcolor,race_orcolor,40,0.6087962962962963,30,0.5277777777777778,0.0,0.0
hasdescriptiveoccupation,lecturer,has_race_orcolor,african-american,40,0.6087962962962963,25,0.5,0.0,0.0
hasdescriptiveoccupation,lecturer,has_race_orcolor,race_orcolor,40,0.6087962962962963,30,0.5277777777777778,0.0,0.0
hasdescriptiveoccupation,lecturer,has_race_orcolor,african-american,40,0.6087962962962963,25,0.5,0.0,0.0
hasdescriptiveoccupation,lecturer,has_race_orcolor,race_orcolor,40,0.6087962962962963,30,0.5277777777777778,0.0,0.0
hasdescriptiveoccupation,lecturer,has_race_orcolor,african-american,40,0.6087962962962963,25,0.5,0.0,0.0
hasdescriptiveoccupation,lecturer,has_race_orcolor,race_orcolor,40,0.6087962962962963,30,0.5277777777777778,0.0,0.0
hasdescriptiveoccupation,lecturer,has_race_orcolor,african-american,40,0.6087962962962963,25,0.5,0.0,0.0
hasdescriptiveoccupation,lecturer,has_race_orcolor,race_orcolor,40,0.6087962962962963,30,0.5277777777777778,0.0,0.0
hasdescriptiveoccupation,lecturer,has_race_orcolor,african-american,40,0.6087962962962963,25,0.5,0.0,0.0
hasdescriptiveoccupation,lecturer,has_race_orcolor,race_orcolor,40,0.6087962962962963,30,0.5277777777777778,0.0,0.0
hasdescriptiveoccupation,lecturer,has_race_orcolor,african-american,40,0.6087962962962963,25,0.5,0.0,0.0
hasdescriptiveoccupation,lecturer,has_race_orcolor,race_orcolor,40,0.6087962962962963,30,0.5277777777777778,0.0,0.0
hasdescriptiveoccupation,lecturer,has_race_orcolor,african-american,40,0.6087962962962963,25,0.5,0.0,0.0
hasdescriptiveoccupation,lecturer,has_race_orcolor,race_orcolor,40,0.6087962962962963,30,0.5277777777777778,0.0,0.0
hasdescriptiveoccupation,lecturer,has_race_orcolor,african-american,40,0.6087962962962963,25,0.5,0.0,0.0
hasdescriptiveoccupation,lecturer,has_race_orcolor,race_orcolor,40,0.6087962962962963,30,0.5277777777777778,0.0,0.0
hasdescriptiveoccupation,lecturer,has_race_orcolor,african-american,40,0.6087962962962963,25,0.5,0.0,0.0
hasdescriptiveoccupation,lecturer,has_race_orcolor,race_orcolor,40,0.6087962962962963,30,0.5277777777777778,0.0,0.0
hasdescriptiveoccupation,lecturer,has_race_orcolor,african-american,40,0.6087962962962963,25,0.5,0.0,0.0
hasdescriptiveoccupation,lecturer,has_race_orcolor,race_orcolor,40,0.6087962962962963,30,0.5277777777777778,0.0,0.0
hasdescriptiveoccupation,lecturer,has_race_orcolor,african-american,40,0.6087962962962963,25,0.5,0.0,0.0
hasdescriptiveoccupation,lecturer,has_race_orcolor,race_orcolor,40,0.6087962962962963,30,0.5277777777777778,0.0,0.0
hasdescriptiveoccupation,lecturer,has_race_orcolor,african-american,40,0.6087962962962963,25,0.5,0.0,0.0
hasdescriptiveoccupation,lecturer,has_race_orcolor,race_orcolor,40,0.6087962962962963,30,0.5277777777777778,0.0,0.0
hasdescriptiveoccupation,lecturer,has_race_orcolor,african-american,40,0.6087962962962963,25,0.5,0.0,0.0
hasdescriptiveoccupation,lecturer,has_race_orcolor,race_orcolor,40,0.6087962962962963,30,0.5277777777777778,0.0,0.0
hasdescriptiveoccupation,lecturer,has_race_orcolor,african-american,40,0.6087962962962963,25,0.5,0.0,0.0
hasdescriptiveoccupation,lecturer,has_race_orcolor,race_orcolor,40,0.6087962962962963,30,0.5277777777777778,0.0,0.0
hasdescriptiveoccupation,lecturer,has_race_orcolor,african-american,40,0.6087962962962963,25,0.5,0.0,0.0
hasdescriptiveoccupation,lecturer,has_race_orcolor,race_orcolor,40,0.6087962962962963,30,0.5277777777777778,0.0,0.0
hasdescriptiveoccupation,lecturer,has_race_orcolor,african-american,40,0.6087962962962963,25,0.5,0.0,0.0
hasdescriptiveoccupation,lecturer,has_race_orcolor,race_orcolor,40,0.6087962962962963,30,0.5277777777777778,0.0,0.0
hasdescriptiveoccupation,lecturer,has_race_orcolor,african-american,40,0.6087962962962963,25,0.5,0.0,0.0
hasdescriptiveoccupation,lecturer,has_race_orcolor,race_orcolor,40,0.6087962962962963,30,0.5277777777777778,0.0,0.0
hasdescriptiveoccupation,lecturer,has_race_orcolor,african-american,40,0.6087962962962963,25,0.5,0.0,0.0
hasdescriptiveoccupation,lecturer,has_race_orcolor,race_orcolor,40,0.6087962962962963,30,0.5277777777777778,0.0,0.0
hasdescriptiveoccupation,lecturer,has_race_orcolor,african-american,40,0.6087962962962963,25,0.5,0.0,0.0
hasdescriptiveoccupation,lecturer,has_race_orcolor,race_orcolor,40,0.6087962962962963,30,0.5277777777777778,0.0,0.0
hasdescriptiveoccupation,lecturer,has_race_orcolor,african-american,40,0.6087962962962963,25,0.5,0.0,0.0
hasdescriptiveoccupation,lecturer,has_race_orcolor,race_orcolor,40,0.6087962962962963,30,0.5277777777777778,0.0,0.0
hasdescriptiveoccupation,lecturer,garrard,"clarke, african-american) 2. has_race_or_color(agent, race_or_color): has_race_or_color(lewis garrard clarke, african-american) 3. has_race_or_color(agent, race_or_color): has_race_or_color(lewis garrard clarke, african-american) 4. has_race_or_color(agent, race_or_color): has_race_or_color(lewis garrard clarke, african-american) 5. has_race_or_color(agent, race_or_color): has_race_or_color(lewis garrard clarke, african-american) 6. has_race_or_color(agent, race_or_color): has_race_or_color(lewis garrard clarke, african-american) 7. has_race_or_color(agent, race_or_color): has_race_or_color(lewis garrard clarke, african-american) 8. has_race_or_color(agent, race_or_color): has_race_or_color(lewis garrard clarke, african-american) 9. has_race_or_color(agent, race_or_color): has_race_or_color(lewis garrard clarke, african-american) 10. has_race_or_color(agent, race_or_color): has_race_or_color(lewis garrard clarke, african-american) 11. has_race_or_color(agent, race_or_color): has_race_or_color(lewis garrard clarke, african-american) 12. has_race_or_color(agent, race_or_color): has_race_or_color(lewis garrard clarke, african-american) 13. has_race_or_color(agent, race_or_color): has_race_or_color(lewis garrard clarke, african-american) 14. has_race_or_color(agent, race_or_color): has_race_or_color(lewis garrard clarke, african-american) 15. has_race_or_color(agent, race_or_color): has_race_or_color(lewis garrard clarke, african-american) 16. has_race_or_color(agent, race_or_color): has_race_or_color(lewis garrard clarke, african-american) 17. has_race_or_color(agent, race_or_color): has_race_or_color(lewis garrard clarke, african-american) 18. has_race_or_color(agent, race_or_color): has_race_or_color(lewis garrard clarke, african-american) 19. has_race_or_color(agent, race_or_color): has_race_or_color(lewis garrard clarke, african-american) 20. has_race_or_color(agent, race_or_color): has_race_or_color(lewis garrard clarke, african-american) 21. has_race_or_color(agent, race_or_color): has_race_or_color(lewis garrard clarke, african-american) 22. has_race_or_color(agent, race_or_color): has_race_or_color(lewis garrard clarke, african-american) 23. has_race_or_color(agent, race_or_color): has_race_or_color(lewis garrard clarke, african-american) 24. has_race_or_color(agent, race_orcolor): has_race_or_color(lewis garrard clarke, african-american) 25. has_race_or_color(agent, race_orcolor): has_race_orcolor(lewis garrard clarke, african-american) 26. has_race_orcolor(agent, race_orcolor): has_race_orcolor(lewis garrard clarke, african-american) 27. has_race_orcolor(agent, race_orcolor): has_race_orcolor(lewis garrard clarke, african-american) 28. has_race_orcolor(agent, race_orcolor): has_race_orcolor(lewis garrard clarke, african-american) 29. has_race_orcolor(agent, race_orcolor): has_race_orcolor(lewis garrard clarke, african-american) 30. has_race_orcolor(agent, race_orcolor): has_race_orcolor(lewis garrard clarke, african-american) 31. has_race_orcolor(agent, race_orcolor): has_race_orcolor(lewis garrard clarke, african-american) 32. has_race_orcolor(agent, race_orcolor): has_race_orcolor(lewis garrard clarke, african-american) 33. has_race_orcolor(agent, race_orcolor): has_race_orcolor(lewis garrard clarke, african-american) 34. has_race_orcolor(agent, race_orcolor): has_race_orcolor(lewis garrard clarke, african-american) 35. has_race_orcolor(agent, race_orcolor): has_race_orcolor(lewis garrard clarke, african-american) 36. has_race_orcolor(agent, race_orcolor): has_race_orcolor(lewis garrard clarke, african-american) 37. has_race_orcolor(agent, race_orcolor): has_race_orcolor(lewis garrard clarke, african-american) 38. has_race_orcolor(agent, race_orcolor): has_race_orcolor(lewis garrard clarke, african-american) 39. has_race_orcolor(agent, race_orcolor): has_race_orcolor(lewis garrard clarke, african-american) 40. has_race_orcolor(agent, race_orcolor): has_race_orcolor(lewis garrard clarke, african-american) 41. has_race_orcolor(agent, race_orcolor): has_race_orcolor(lewis garrard clarke, african-american) 42. has_race_orcolor(agent, race_orcolor): has_race_orcolor(lewis garrard clarke, african-american) 43. has_race_orcolor(agent, race_orcolor): has_race_orcolor(lewis garrard clarke, african-american) 44. has_race_orcolor(agent, race_orcolor): has_race_orcolor(lewis garrard clarke, african-american) 45. has_race_orcolor(agent, race_orcolor): has_race_orcolor(lewis garrard clarke, african-american) 46. has_race_orcolor(agent, race_orcolor): has_race_orcolor(lewis garrard clarke, african-american) 47. has_race_orcolor(agent, race_orcolor): has_race_orcolor(lewis garrard clarke, african-american) 48. has_race_orcolor(agent, race_orcolor): has_race_orcolor(lewis garrard clarke, african-american) 49. has_race_orcolor(agent, race_orcolor): has_race_orcolor(lewis garrard clarke, african-american) 50. has_race_orcolor(agent, race_orcolor): has_race_orcolor(lewis garrard clarke, african-american) 51. has_race_orcolor(agent, race_orcolor): has_race_orcolor(lewis garrard clarke, african-american) 52. has_race_orcolor(agent, race_orcolor): has_race_orcolor(lewis garrard clarke, african-american) 53. has_race_orcolor(agent, race_orcolor): has_race_orcolor(lewis garrard clarke, african-american) 54. has_race_orcolor(agent, race_orcolor): has_race_orcolor(lewis garrard clarke, african-american) 55. has_race_orcolor(agent, race_orcolor): has_race_orcolor(lewis garrard clarke, african-american) 56. has_race_orcolor(agent, race_orcolor): has_race_orcolor(lewis garrard clarke, african-american) 57. has_race_orcolor(agent, race_orcolor): has_race_orcolor(lewis garrard clarke, african-american) 58. has_race_orcolor(agent, race_orcolor): has_race_or",19,0.4067460317460318,0,0.5301683380197576,0.0,0.0
hasdescriptiveoccupation,abolitionist,on the,"text, the following ontology relations can be populated:",13,0.4305555555555555,26,0.4887566137566138,0.0,0.0
hasdescriptiveoccupation,abolitionist,record,module:,27,0.6138888888888889,21,0.48412698412698413,0.0,0.0
hasdescriptiveoccupation,abolitionist,has_name,name,25,0.5555555555555555,12,0.4444444444444444,0.0,0.0
hasdescriptiveoccupation,abolitionist,has_name,lewis garrard clarke,25,0.5555555555555555,19,0.3444444444444444,0.0,0.0
hasdescriptiveoccupation,abolitionist,garrard,"clarke, 'lewis garrard clarke')",19,0.4067460317460318,19,0.40412186379928317,0.0,0.0
hasdescriptiveoccupation,abolitionist,has_surname,surname,34,0.5474386724386724,11,0.31746031746031744,0.0,0.0
hasdescriptiveoccupation,abolitionist,has_surname,clarke,34,0.5474386724386724,11,0.3333333333333333,0.0,0.0
hasdescriptiveoccupation,abolitionist,garrard,"clarke, 'clarke')",19,0.4067460317460318,14,0.26143790849673204,0.0,0.0
hasdescriptiveoccupation,abolitionist,has_first_name,first_name,32,0.5615079365079364,27,0.5166666666666667,0.0,0.0
hasdescriptiveoccupation,abolitionist,has_first_name,lewis,32,0.5615079365079364,35,0.5222222222222223,0.0,0.0
hasdescriptiveoccupation,abolitionist,garrard,"clarke, 'lewis')",19,0.4067460317460318,29,0.4444444444444444,0.0,0.0
hasdescriptiveoccupation,abolitionist,relationship record,module:,33,0.6137539361223572,21,0.48412698412698413,0.0,0.0
hasdescriptiveoccupation,abolitionist,has_interagent_relationship_type_to,relationship_type,41,0.6037698412698412,48,0.6486928104575163,0.0,0.0
hasdescriptiveoccupation,abolitionist,has_interagent_relationship_type_to,enslaver,41,0.6037698412698412,20,0.3055555555555555,0.0,0.0
hasdescriptiveoccupation,abolitionist,garrard,"clarke, 'enslaver')",19,0.4067460317460318,19,0.43128654970760233,0.0,0.0
hasdescriptiveoccupation,abolitionist,is_relationship_to,agent,38,0.6264245014245015,35,0.5055555555555555,0.0,0.0
hasdescriptiveoccupation,abolitionist,is_relationship_to,samuel campbell,38,0.6264245014245015,22,0.43333333333333335,0.0,0.0
hasdescriptiveoccupation,abolitionist,garrard,"clarke, 'samuel campbell')",19,0.4067460317460318,16,0.34401709401709396,0.0,0.0
hasdescriptiveoccupation,abolitionist,record,module:,27,0.6138888888888889,21,0.48412698412698413,0.0,0.0
hasdescriptiveoccupation,abolitionist,has_sex,sex_type,32,0.5742063492063493,20,0.40277777777777773,0.0,0.0
hasdescriptiveoccupation,abolitionist,has_sex,male,32,0.5742063492063493,25,0.5555555555555555,0.0,0.0
hasdescriptiveoccupation,abolitionist,garrard,"clarke, 'male')",19,0.4067460317460318,15,0.26666666666666666,0.0,0.0
hasdescriptiveoccupation,abolitionist,record,module:,27,0.6138888888888889,21,0.48412698412698413,0.0,0.0
hasdescriptiveoccupation,abolitionist,has_occupation,occupation,68,0.8045940170940171,45,0.5888888888888889,0.0,0.0
hasdescriptiveoccupation,abolitionist,has_occupation,slave,68,0.8045940170940171,12,0.35555555555555557,0.0,0.0
hasdescriptiveoccupation,abolitionist,has_occupation,educator,68,0.8045940170940171,30,0.4305555555555555,0.0,0.0
hasdescriptiveoccupation,abolitionist,has_occupation,lawyer,68,0.8045940170940171,11,0.3333333333333333,0.0,0.0
hasdescriptiveoccupation,abolitionist,has_occupation,and autobiographer,68,0.8045940170940171,27,0.5145502645502645,0.0,0.0
hasdescriptiveoccupation,abolitionist,garrard,"clarke, 'slave, educator, lawyer, and autobiographer')",19,0.4067460317460318,18,0.3697530864197531,0.0,0.0
hasdescriptiveoccupation,abolitionist,record,module:,27,0.6138888888888889,21,0.48412698412698413,0.0,0.0
hasdescriptiveoccupation,abolitionist,has_age,age,26,0.5793650793650794,13,0.47222222222222215,0.0,0.0
hasdescriptiveoccupation,abolitionist,has_age,?,26,0.5793650793650794,0,0.0,0.0,0.0
hasdescriptiveoccupation,abolitionist,garrard,"clarke,?) (note: the age is not mentioned in the text)",19,0.4067460317460318,27,0.5277777777777778,0.0,0.0
hasdescriptiveoccupation,abolitionist,has_birthdate,date_of_birth,38,0.6286324786324786,40,0.5337606837606838,0.0,0.0
hasdescriptiveoccupation,abolitionist,has_birthdate,?,38,0.6286324786324786,0,0.0,0.0,0.0
hasdescriptiveoccupation,abolitionist,garrard,"clarke,?) (note: the birth date is not mentioned in the text)",19,0.4067460317460318,25,0.577786057294254,0.0,0.0
hasdescriptiveoccupation,abolitionist,has_deathdate,date_of_death,43,0.652065527065527,32,0.46367521367521364,0.0,0.0
hasdescriptiveoccupation,abolitionist,has_deathdate,?,43,0.652065527065527,0,0.0,0.0,0.0
hasdescriptiveoccupation,abolitionist,garrard,"clarke,?) (note: the death date is not mentioned in the text)",19,0.4067460317460318,25,0.5214025500910746,0.0,0.0
hasdescriptiveoccupation,abolitionist,status record,module:,32,0.540954415954416,21,0.48412698412698413,0.0,0.0
hasdescriptiveoccupation,abolitionist,has_person_status,enslaved person,39,0.6241830065359477,22,0.45,0.0,0.0
hasdescriptiveoccupation,abolitionist,has_person_status,ex-slave,39,0.6241830065359477,10,0.3055555555555555,0.0,0.0
hasdescriptiveoccupation,abolitionist,garrard,"clarke, 'enslaved person, ex-slave')",19,0.4067460317460318,21,0.38518518518518513,0.0,0.0
hasdescriptiveoccupation,abolitionist,record,module:,27,0.6138888888888889,21,0.48412698412698413,0.0,0.0
hasdescriptiveoccupation,abolitionist,has_race_or_color,race_or_color,39,0.5977668845315903,32,0.4935897435897436,0.0,0.0
hasdescriptiveoccupation,abolitionist,has_race_or_color,african-american,39,0.5977668845315903,29,0.4444444444444444,0.0,0.0
hasdescriptiveoccupation,abolitionist,has_race_or_color,race_or_color,39,0.5977668845315903,32,0.4935897435897436,0.0,0.0
hasdescriptiveoccupation,abolitionist,has_race_or_color,african-american,39,0.5977668845315903,29,0.4444444444444444,0.0,0.0
hasdescriptiveoccupation,abolitionist,has_race_or_color,race_or_color,39,0.5977668845315903,32,0.4935897435897436,0.0,0.0
hasdescriptiveoccupation,abolitionist,has_race_or_color,african-american,39,0.5977668845315903,29,0.4444444444444444,0.0,0.0
hasdescriptiveoccupation,abolitionist,has_race_or_color,race_or_color,39,0.5977668845315903,32,0.4935897435897436,0.0,0.0
hasdescriptiveoccupation,abolitionist,has_race_or_color,african-american,39,0.5977668845315903,29,0.4444444444444444,0.0,0.0
hasdescriptiveoccupation,abolitionist,has_race_or_color,race_or_color,39,0.5977668845315903,32,0.4935897435897436,0.0,0.0
hasdescriptiveoccupation,abolitionist,has_race_or_color,african-american,39,0.5977668845315903,29,0.4444444444444444,0.0,0.0
hasdescriptiveoccupation,abolitionist,has_race_or_color,race_or_color,39,0.5977668845315903,32,0.4935897435897436,0.0,0.0
hasdescriptiveoccupation,abolitionist,has_race_or_color,african-american,39,0.5977668845315903,29,0.4444444444444444,0.0,0.0
hasdescriptiveoccupation,abolitionist,has_race_or_color,race_or_color,39,0.5977668845315903,32,0.4935897435897436,0.0,0.0
hasdescriptiveoccupation,abolitionist,has_race_or_color,african-american,39,0.5977668845315903,29,0.4444444444444444,0.0,0.0
hasdescriptiveoccupation,abolitionist,has_race_or_color,race_or_color,39,0.5977668845315903,32,0.4935897435897436,0.0,0.0
hasdescriptiveoccupation,abolitionist,has_race_or_color,african-american,39,0.5977668845315903,29,0.4444444444444444,0.0,0.0
hasdescriptiveoccupation,abolitionist,has_race_or_color,race_or_color,39,0.5977668845315903,32,0.4935897435897436,0.0,0.0
hasdescriptiveoccupation,abolitionist,has_race_or_color,african-american,39,0.5977668845315903,29,0.4444444444444444,0.0,0.0
hasdescriptiveoccupation,abolitionist,has_race_or_color,race_or_color,39,0.5977668845315903,32,0.4935897435897436,0.0,0.0
hasdescriptiveoccupation,abolitionist,has_race_or_color,african-american,39,0.5977668845315903,29,0.4444444444444444,0.0,0.0
hasdescriptiveoccupation,abolitionist,has_race_or_color,race_or_color,39,0.5977668845315903,32,0.4935897435897436,0.0,0.0
hasdescriptiveoccupation,abolitionist,has_race_or_color,african-american,39,0.5977668845315903,29,0.4444444444444444,0.0,0.0
hasdescriptiveoccupation,abolitionist,has_race_or_color,race_or_color,39,0.5977668845315903,32,0.4935897435897436,0.0,0.0
hasdescriptiveoccupation,abolitionist,has_race_or_color,african-american,39,0.5977668845315903,29,0.4444444444444444,0.0,0.0
hasdescriptiveoccupation,abolitionist,has_race_or_color,race_or_color,39,0.5977668845315903,32,0.4935897435897436,0.0,0.0
hasdescriptiveoccupation,abolitionist,has_race_or_color,african-american,39,0.5977668845315903,29,0.4444444444444444,0.0,0.0
hasdescriptiveoccupation,abolitionist,has_race_or_color,race_or_color,39,0.5977668845315903,32,0.4935897435897436,0.0,0.0
hasdescriptiveoccupation,abolitionist,has_race_or_color,african-american,39,0.5977668845315903,29,0.4444444444444444,0.0,0.0
hasdescriptiveoccupation,abolitionist,has_race_or_color,race_or_color,39,0.5977668845315903,32,0.4935897435897436,0.0,0.0
hasdescriptiveoccupation,abolitionist,has_race_or_color,african-american,39,0.5977668845315903,29,0.4444444444444444,0.0,0.0
hasdescriptiveoccupation,abolitionist,has_race_or_color,race_or_color,39,0.5977668845315903,32,0.4935897435897436,0.0,0.0
hasdescriptiveoccupation,abolitionist,has_race_or_color,african-american,39,0.5977668845315903,29,0.4444444444444444,0.0,0.0
hasdescriptiveoccupation,abolitionist,has_race_or_color,race_or_color,39,0.5977668845315903,32,0.4935897435897436,0.0,0.0
hasdescriptiveoccupation,abolitionist,has_race_or_color,african-american,39,0.5977668845315903,29,0.4444444444444444,0.0,0.0
hasdescriptiveoccupation,abolitionist,has_race_or_color,race_or_color,39,0.5977668845315903,32,0.4935897435897436,0.0,0.0
hasdescriptiveoccupation,abolitionist,has_race_or_color,african-american,39,0.5977668845315903,29,0.4444444444444444,0.0,0.0
hasdescriptiveoccupation,abolitionist,has_race_or_color,race_or_color,39,0.5977668845315903,32,0.4935897435897436,0.0,0.0
hasdescriptiveoccupation,abolitionist,has_race_or_color,african-american,39,0.5977668845315903,29,0.4444444444444444,0.0,0.0
hasdescriptiveoccupation,abolitionist,has_race_or_color,race_or_color,39,0.5977668845315903,32,0.4935897435897436,0.0,0.0
hasdescriptiveoccupation,abolitionist,has_race_or_color,african-american,39,0.5977668845315903,29,0.4444444444444444,0.0,0.0
hasdescriptiveoccupation,abolitionist,has_race_or_color,race_or_color,39,0.5977668845315903,32,0.4935897435897436,0.0,0.0
hasdescriptiveoccupation,abolitionist,has_race_or_color,african-american,39,0.5977668845315903,29,0.4444444444444444,0.0,0.0
hasdescriptiveoccupation,abolitionist,has_race_or_color,race_or_color,39,0.5977668845315903,32,0.4935897435897436,0.0,0.0
hasdescriptiveoccupation,abolitionist,has_race_or_color,african-american,39,0.5977668845315903,29,0.4444444444444444,0.0,0.0
hasdescriptiveoccupation,abolitionist,has_race_or_color,race_or_color,39,0.5977668845315903,32,0.4935897435897436,0.0,0.0
hasdescriptiveoccupation,abolitionist,has_race_or_color,african-american,39,0.5977668845315903,29,0.4444444444444444,0.0,0.0
hasdescriptiveoccupation,abolitionist,has_race_or_color,race_orcolor,39,0.5977668845315903,33,0.5,0.0,0.0
hasdescriptiveoccupation,abolitionist,has_race_or_color,african-american,39,0.5977668845315903,29,0.4444444444444444,0.0,0.0
hasdescriptiveoccupation,abolitionist,has_race_or_color,race_orcolor,39,0.5977668845315903,33,0.5,0.0,0.0
hasdescriptiveoccupation,abolitionist,has_race_orcolor,african-american,40,0.6087962962962963,29,0.4444444444444444,0.0,0.0
hasdescriptiveoccupation,abolitionist,has_race_orcolor,race_orcolor,40,0.6087962962962963,33,0.5,0.0,0.0
hasdescriptiveoccupation,abolitionist,has_race_orcolor,african-american,40,0.6087962962962963,29,0.4444444444444444,0.0,0.0
hasdescriptiveoccupation,abolitionist,has_race_orcolor,race_orcolor,40,0.6087962962962963,33,0.5,0.0,0.0
hasdescriptiveoccupation,abolitionist,has_race_orcolor,african-american,40,0.6087962962962963,29,0.4444444444444444,0.0,0.0
hasdescriptiveoccupation,abolitionist,has_race_orcolor,race_orcolor,40,0.6087962962962963,33,0.5,0.0,0.0
hasdescriptiveoccupation,abolitionist,has_race_orcolor,african-american,40,0.6087962962962963,29,0.4444444444444444,0.0,0.0
hasdescriptiveoccupation,abolitionist,has_race_orcolor,race_orcolor,40,0.6087962962962963,33,0.5,0.0,0.0
hasdescriptiveoccupation,abolitionist,has_race_orcolor,african-american,40,0.6087962962962963,29,0.4444444444444444,0.0,0.0
hasdescriptiveoccupation,abolitionist,has_race_orcolor,race_orcolor,40,0.6087962962962963,33,0.5,0.0,0.0
hasdescriptiveoccupation,abolitionist,has_race_orcolor,african-american,40,0.6087962962962963,29,0.4444444444444444,0.0,0.0
hasdescriptiveoccupation,abolitionist,has_race_orcolor,race_orcolor,40,0.6087962962962963,33,0.5,0.0,0.0
hasdescriptiveoccupation,abolitionist,has_race_orcolor,african-american,40,0.6087962962962963,29,0.4444444444444444,0.0,0.0
hasdescriptiveoccupation,abolitionist,has_race_orcolor,race_orcolor,40,0.6087962962962963,33,0.5,0.0,0.0
hasdescriptiveoccupation,abolitionist,has_race_orcolor,african-american,40,0.6087962962962963,29,0.4444444444444444,0.0,0.0
hasdescriptiveoccupation,abolitionist,has_race_orcolor,race_orcolor,40,0.6087962962962963,33,0.5,0.0,0.0
hasdescriptiveoccupation,abolitionist,has_race_orcolor,african-american,40,0.6087962962962963,29,0.4444444444444444,0.0,0.0
hasdescriptiveoccupation,abolitionist,has_race_orcolor,race_orcolor,40,0.6087962962962963,33,0.5,0.0,0.0
hasdescriptiveoccupation,abolitionist,has_race_orcolor,african-american,40,0.6087962962962963,29,0.4444444444444444,0.0,0.0
hasdescriptiveoccupation,abolitionist,has_race_orcolor,race_orcolor,40,0.6087962962962963,33,0.5,0.0,0.0
hasdescriptiveoccupation,abolitionist,has_race_orcolor,african-american,40,0.6087962962962963,29,0.4444444444444444,0.0,0.0
hasdescriptiveoccupation,abolitionist,has_race_orcolor,race_orcolor,40,0.6087962962962963,33,0.5,0.0,0.0
hasdescriptiveoccupation,abolitionist,has_race_orcolor,african-american,40,0.6087962962962963,29,0.4444444444444444,0.0,0.0
hasdescriptiveoccupation,abolitionist,has_race_orcolor,race_orcolor,40,0.6087962962962963,33,0.5,0.0,0.0
hasdescriptiveoccupation,abolitionist,has_race_orcolor,african-american,40,0.6087962962962963,29,0.4444444444444444,0.0,0.0
hasdescriptiveoccupation,abolitionist,has_race_orcolor,race_orcolor,40,0.6087962962962963,33,0.5,0.0,0.0
hasdescriptiveoccupation,abolitionist,has_race_orcolor,african-american,40,0.6087962962962963,29,0.4444444444444444,0.0,0.0
hasdescriptiveoccupation,abolitionist,has_race_orcolor,race_orcolor,40,0.6087962962962963,33,0.5,0.0,0.0
hasdescriptiveoccupation,abolitionist,has_race_orcolor,african-american,40,0.6087962962962963,29,0.4444444444444444,0.0,0.0
hasdescriptiveoccupation,abolitionist,has_race_orcolor,race_orcolor,40,0.6087962962962963,33,0.5,0.0,0.0
hasdescriptiveoccupation,abolitionist,has_race_orcolor,african-american,40,0.6087962962962963,29,0.4444444444444444,0.0,0.0
hasdescriptiveoccupation,abolitionist,has_race_orcolor,race_orcolor,40,0.6087962962962963,33,0.5,0.0,0.0
hasdescriptiveoccupation,abolitionist,has_race_orcolor,african-american,40,0.6087962962962963,29,0.4444444444444444,0.0,0.0
hasdescriptiveoccupation,abolitionist,has_race_orcolor,race_orcolor,40,0.6087962962962963,33,0.5,0.0,0.0
hasdescriptiveoccupation,abolitionist,has_race_orcolor,african-american,40,0.6087962962962963,29,0.4444444444444444,0.0,0.0
hasdescriptiveoccupation,abolitionist,has_race_orcolor,race_orcolor,40,0.6087962962962963,33,0.5,0.0,0.0
hasdescriptiveoccupation,abolitionist,has_race_orcolor,african-american,40,0.6087962962962963,29,0.4444444444444444,0.0,0.0
hasdescriptiveoccupation,abolitionist,has_race_orcolor,race_orcolor,40,0.6087962962962963,33,0.5,0.0,0.0
hasdescriptiveoccupation,abolitionist,has_race_orcolor,african-american,40,0.6087962962962963,29,0.4444444444444444,0.0,0.0
hasdescriptiveoccupation,abolitionist,has_race_orcolor,race_orcolor,40,0.6087962962962963,33,0.5,0.0,0.0
hasdescriptiveoccupation,abolitionist,has_race_orcolor,african-american,40,0.6087962962962963,29,0.4444444444444444,0.0,0.0
hasdescriptiveoccupation,abolitionist,has_race_orcolor,race_orcolor,40,0.6087962962962963,33,0.5,0.0,0.0
hasdescriptiveoccupation,abolitionist,has_race_orcolor,african-american,40,0.6087962962962963,29,0.4444444444444444,0.0,0.0
hasdescriptiveoccupation,abolitionist,has_race_orcolor,race_orcolor,40,0.6087962962962963,33,0.5,0.0,0.0
hasdescriptiveoccupation,abolitionist,has_race_orcolor,african-american,40,0.6087962962962963,29,0.4444444444444444,0.0,0.0
hasdescriptiveoccupation,abolitionist,has_race_orcolor,race_orcolor,40,0.6087962962962963,33,0.5,0.0,0.0
hasdescriptiveoccupation,abolitionist,has_race_orcolor,african-american,40,0.6087962962962963,29,0.4444444444444444,0.0,0.0
hasdescriptiveoccupation,abolitionist,has_race_orcolor,race_orcolor,40,0.6087962962962963,33,0.5,0.0,0.0
hasdescriptiveoccupation,abolitionist,has_race_orcolor,african-american,40,0.6087962962962963,29,0.4444444444444444,0.0,0.0
hasdescriptiveoccupation,abolitionist,has_race_orcolor,race_orcolor,40,0.6087962962962963,33,0.5,0.0,0.0
hasdescriptiveoccupation,abolitionist,has_race_orcolor,african-american,40,0.6087962962962963,29,0.4444444444444444,0.0,0.0
hasdescriptiveoccupation,abolitionist,has_race_orcolor,race_orcolor,40,0.6087962962962963,33,0.5,0.0,0.0
hasdescriptiveoccupation,abolitionist,has_race_orcolor,african-american,40,0.6087962962962963,29,0.4444444444444444,0.0,0.0
hasdescriptiveoccupation,abolitionist,has_race_orcolor,race_orcolor,40,0.6087962962962963,33,0.5,0.0,0.0
hasdescriptiveoccupation,abolitionist,has_race_orcolor,african-american,40,0.6087962962962963,29,0.4444444444444444,0.0,0.0
hasdescriptiveoccupation,abolitionist,has_race_orcolor,race_orcolor,40,0.6087962962962963,33,0.5,0.0,0.0
hasdescriptiveoccupation,abolitionist,has_race_orcolor,african-american,40,0.6087962962962963,29,0.4444444444444444,0.0,0.0
hasdescriptiveoccupation,abolitionist,has_race_orcolor,race_orcolor,40,0.6087962962962963,33,0.5,0.0,0.0
hasdescriptiveoccupation,abolitionist,has_race_orcolor,african-american,40,0.6087962962962963,29,0.4444444444444444,0.0,0.0
hasdescriptiveoccupation,abolitionist,has_race_orcolor,race_orcolor,40,0.6087962962962963,33,0.5,0.0,0.0
hasdescriptiveoccupation,abolitionist,has_race_orcolor,african-american,40,0.6087962962962963,29,0.4444444444444444,0.0,0.0
hasdescriptiveoccupation,abolitionist,has_race_orcolor,race_orcolor,40,0.6087962962962963,33,0.5,0.0,0.0
hasdescriptiveoccupation,abolitionist,has_race_orcolor,african-american,40,0.6087962962962963,29,0.4444444444444444,0.0,0.0
hasdescriptiveoccupation,abolitionist,has_race_orcolor,race_orcolor,40,0.6087962962962963,33,0.5,0.0,0.0
hasdescriptiveoccupation,abolitionist,has_race_orcolor,african-american,40,0.6087962962962963,29,0.4444444444444444,0.0,0.0
hasdescriptiveoccupation,abolitionist,has_race_orcolor,race_orcolor,40,0.6087962962962963,33,0.5,0.0,0.0
hasdescriptiveoccupation,abolitionist,garrard,"clarke, african-american) 2. has_race_or_color(agent, race_or_color): has_race_or_color(lewis garrard clarke, african-american) 3. has_race_or_color(agent, race_or_color): has_race_or_color(lewis garrard clarke, african-american) 4. has_race_or_color(agent, race_or_color): has_race_or_color(lewis garrard clarke, african-american) 5. has_race_or_color(agent, race_or_color): has_race_or_color(lewis garrard clarke, african-american) 6. has_race_or_color(agent, race_or_color): has_race_or_color(lewis garrard clarke, african-american) 7. has_race_or_color(agent, race_or_color): has_race_or_color(lewis garrard clarke, african-american) 8. has_race_or_color(agent, race_or_color): has_race_or_color(lewis garrard clarke, african-american) 9. has_race_or_color(agent, race_or_color): has_race_or_color(lewis garrard clarke, african-american) 10. has_race_or_color(agent, race_or_color): has_race_or_color(lewis garrard clarke, african-american) 11. has_race_or_color(agent, race_or_color): has_race_or_color(lewis garrard clarke, african-american) 12. has_race_or_color(agent, race_or_color): has_race_or_color(lewis garrard clarke, african-american) 13. has_race_or_color(agent, race_or_color): has_race_or_color(lewis garrard clarke, african-american) 14. has_race_or_color(agent, race_or_color): has_race_or_color(lewis garrard clarke, african-american) 15. has_race_or_color(agent, race_or_color): has_race_or_color(lewis garrard clarke, african-american) 16. has_race_or_color(agent, race_or_color): has_race_or_color(lewis garrard clarke, african-american) 17. has_race_or_color(agent, race_or_color): has_race_or_color(lewis garrard clarke, african-american) 18. has_race_or_color(agent, race_or_color): has_race_or_color(lewis garrard clarke, african-american) 19. has_race_or_color(agent, race_or_color): has_race_or_color(lewis garrard clarke, african-american) 20. has_race_or_color(agent, race_or_color): has_race_or_color(lewis garrard clarke, african-american) 21. has_race_or_color(agent, race_or_color): has_race_or_color(lewis garrard clarke, african-american) 22. has_race_or_color(agent, race_or_color): has_race_or_color(lewis garrard clarke, african-american) 23. has_race_or_color(agent, race_or_color): has_race_or_color(lewis garrard clarke, african-american) 24. has_race_or_color(agent, race_orcolor): has_race_or_color(lewis garrard clarke, african-american) 25. has_race_or_color(agent, race_orcolor): has_race_orcolor(lewis garrard clarke, african-american) 26. has_race_orcolor(agent, race_orcolor): has_race_orcolor(lewis garrard clarke, african-american) 27. has_race_orcolor(agent, race_orcolor): has_race_orcolor(lewis garrard clarke, african-american) 28. has_race_orcolor(agent, race_orcolor): has_race_orcolor(lewis garrard clarke, african-american) 29. has_race_orcolor(agent, race_orcolor): has_race_orcolor(lewis garrard clarke, african-american) 30. has_race_orcolor(agent, race_orcolor): has_race_orcolor(lewis garrard clarke, african-american) 31. has_race_orcolor(agent, race_orcolor): has_race_orcolor(lewis garrard clarke, african-american) 32. has_race_orcolor(agent, race_orcolor): has_race_orcolor(lewis garrard clarke, african-american) 33. has_race_orcolor(agent, race_orcolor): has_race_orcolor(lewis garrard clarke, african-american) 34. has_race_orcolor(agent, race_orcolor): has_race_orcolor(lewis garrard clarke, african-american) 35. has_race_orcolor(agent, race_orcolor): has_race_orcolor(lewis garrard clarke, african-american) 36. has_race_orcolor(agent, race_orcolor): has_race_orcolor(lewis garrard clarke, african-american) 37. has_race_orcolor(agent, race_orcolor): has_race_orcolor(lewis garrard clarke, african-american) 38. has_race_orcolor(agent, race_orcolor): has_race_orcolor(lewis garrard clarke, african-american) 39. has_race_orcolor(agent, race_orcolor): has_race_orcolor(lewis garrard clarke, african-american) 40. has_race_orcolor(agent, race_orcolor): has_race_orcolor(lewis garrard clarke, african-american) 41. has_race_orcolor(agent, race_orcolor): has_race_orcolor(lewis garrard clarke, african-american) 42. has_race_orcolor(agent, race_orcolor): has_race_orcolor(lewis garrard clarke, african-american) 43. has_race_orcolor(agent, race_orcolor): has_race_orcolor(lewis garrard clarke, african-american) 44. has_race_orcolor(agent, race_orcolor): has_race_orcolor(lewis garrard clarke, african-american) 45. has_race_orcolor(agent, race_orcolor): has_race_orcolor(lewis garrard clarke, african-american) 46. has_race_orcolor(agent, race_orcolor): has_race_orcolor(lewis garrard clarke, african-american) 47. has_race_orcolor(agent, race_orcolor): has_race_orcolor(lewis garrard clarke, african-american) 48. has_race_orcolor(agent, race_orcolor): has_race_orcolor(lewis garrard clarke, african-american) 49. has_race_orcolor(agent, race_orcolor): has_race_orcolor(lewis garrard clarke, african-american) 50. has_race_orcolor(agent, race_orcolor): has_race_orcolor(lewis garrard clarke, african-american) 51. has_race_orcolor(agent, race_orcolor): has_race_orcolor(lewis garrard clarke, african-american) 52. has_race_orcolor(agent, race_orcolor): has_race_orcolor(lewis garrard clarke, african-american) 53. has_race_orcolor(agent, race_orcolor): has_race_orcolor(lewis garrard clarke, african-american) 54. has_race_orcolor(agent, race_orcolor): has_race_orcolor(lewis garrard clarke, african-american) 55. has_race_orcolor(agent, race_orcolor): has_race_orcolor(lewis garrard clarke, african-american) 56. has_race_orcolor(agent, race_orcolor): has_race_orcolor(lewis garrard clarke, african-american) 57. has_race_orcolor(agent, race_orcolor): has_race_orcolor(lewis garrard clarke, african-american) 58. has_race_orcolor(agent, race_orcolor): has_race_or",19,0.4067460317460318,0,0.5183154485105365,0.0,0.0
hasdescriptiveoccupation,slave narrative author,on the,"text, the following ontology relations can be populated:",13,0.4305555555555555,28,0.48593073593073594,0.0,0.0
hasdescriptiveoccupation,slave narrative author,record,module:,27,0.6138888888888889,14,0.4588744588744589,0.0,0.0
hasdescriptiveoccupation,slave narrative author,has_name,name,25,0.5555555555555555,23,0.5176767676767676,0.0,0.0
hasdescriptiveoccupation,slave narrative author,has_name,lewis garrard clarke,25,0.5555555555555555,48,0.6444055944055944,0.0,0.0
hasdescriptiveoccupation,slave narrative author,garrard,"clarke, 'lewis garrard clarke')",19,0.4067460317460318,42,0.5769445608155285,0.0,0.0
hasdescriptiveoccupation,slave narrative author,has_surname,surname,34,0.5474386724386724,28,0.5138528138528139,0.0,0.0
hasdescriptiveoccupation,slave narrative author,has_surname,clarke,34,0.5474386724386724,29,0.5328282828282828,0.0,0.0
hasdescriptiveoccupation,slave narrative author,garrard,"clarke, 'clarke')",19,0.4067460317460318,36,0.5280748663101604,0.0,0.0
hasdescriptiveoccupation,slave narrative author,has_first_name,first_name,32,0.5615079365079364,25,0.5131313131313131,0.0,0.0
hasdescriptiveoccupation,slave narrative author,has_first_name,lewis,32,0.5615079365079364,22,0.49393939393939396,0.0,0.0
hasdescriptiveoccupation,slave narrative author,garrard,"clarke, 'lewis')",19,0.4067460317460318,26,0.4899891774891774,0.0,0.0
hasdescriptiveoccupation,slave narrative author,relationship record,module:,33,0.6137539361223572,14,0.4588744588744589,0.0,0.0
hasdescriptiveoccupation,slave narrative author,has_interagent_relationship_type_to,relationship_type,41,0.6037698412698412,26,0.5641711229946523,0.0,0.0
hasdescriptiveoccupation,slave narrative author,has_interagent_relationship_type_to,enslaver,41,0.6037698412698412,40,0.6212121212121212,0.0,0.0
hasdescriptiveoccupation,slave narrative author,garrard,"clarke, 'enslaver')",19,0.4067460317460318,44,0.5602870813397128,0.0,0.0
hasdescriptiveoccupation,slave narrative author,is_relationship_to,agent,38,0.6264245014245015,30,0.6606060606060606,0.0,0.0
hasdescriptiveoccupation,slave narrative author,is_relationship_to,samuel campbell,38,0.6264245014245015,32,0.5473304473304473,0.0,0.0
hasdescriptiveoccupation,slave narrative author,garrard,"clarke, 'samuel campbell')",19,0.4067460317460318,33,0.5501165501165501,0.0,0.0
hasdescriptiveoccupation,slave narrative author,record,module:,27,0.6138888888888889,14,0.4588744588744589,0.0,0.0
hasdescriptiveoccupation,slave narrative author,has_sex,sex_type,32,0.5742063492063493,27,0.5606060606060607,0.0,0.0
hasdescriptiveoccupation,slave narrative author,has_sex,male,32,0.5742063492063493,15,0.5176767676767676,0.0,0.0
hasdescriptiveoccupation,slave narrative author,garrard,"clarke, 'male')",19,0.4067460317460318,32,0.4997113997113997,0.0,0.0
hasdescriptiveoccupation,slave narrative author,record,module:,27,0.6138888888888889,14,0.4588744588744589,0.0,0.0
hasdescriptiveoccupation,slave narrative author,has_occupation,occupation,68,0.8045940170940171,25,0.4439393939393939,0.0,0.0
hasdescriptiveoccupation,slave narrative author,has_occupation,slave,68,0.8045940170940171,37,0.8454545454545456,0.0,0.4494364165239821
hasdescriptiveoccupation,slave narrative author,has_occupation,educator,68,0.8045940170940171,33,0.393939393939394,0.0,0.0
hasdescriptiveoccupation,slave narrative author,has_occupation,lawyer,68,0.8045940170940171,29,0.6161616161616161,0.0,0.0
hasdescriptiveoccupation,slave narrative author,has_occupation,and autobiographer,68,0.8045940170940171,40,0.5984848484848485,0.0,0.0
hasdescriptiveoccupation,slave narrative author,garrard,"clarke, 'slave, educator, lawyer, and autobiographer')",19,0.4067460317460318,42,0.5690235690235691,0.0,0.1362763414390864
hasdescriptiveoccupation,slave narrative author,record,module:,27,0.6138888888888889,14,0.4588744588744589,0.0,0.0
hasdescriptiveoccupation,slave narrative author,has_age,age,26,0.5793650793650794,16,0.5858585858585859,0.0,0.0
hasdescriptiveoccupation,slave narrative author,has_age,?,26,0.5793650793650794,0,0.0,0.0,0.0
hasdescriptiveoccupation,slave narrative author,garrard,"clarke,?) (note: the age is not mentioned in the text)",19,0.4067460317460318,32,0.5198653198653198,0.0,0.0
hasdescriptiveoccupation,slave narrative author,has_birthdate,date_of_birth,38,0.6286324786324786,29,0.5236430236430237,0.0,0.0
hasdescriptiveoccupation,slave narrative author,has_birthdate,?,38,0.6286324786324786,0,0.0,0.0,0.0
hasdescriptiveoccupation,slave narrative author,garrard,"clarke,?) (note: the birth date is not mentioned in the text)",19,0.4067460317460318,31,0.5092399403874813,0.0,0.0
hasdescriptiveoccupation,slave narrative author,has_deathdate,date_of_death,43,0.652065527065527,34,0.5236430236430237,0.0,0.0
hasdescriptiveoccupation,slave narrative author,has_deathdate,?,43,0.652065527065527,0,0.0,0.0,0.0
hasdescriptiveoccupation,slave narrative author,garrard,"clarke,?) (note: the death date is not mentioned in the text)",19,0.4067460317460318,31,0.5092399403874813,0.0,0.0
hasdescriptiveoccupation,slave narrative author,status record,module:,32,0.540954415954416,14,0.4588744588744589,0.0,0.0
hasdescriptiveoccupation,slave narrative author,has_person_status,enslaved person,39,0.6241830065359477,43,0.5737373737373738,0.0,0.0
hasdescriptiveoccupation,slave narrative author,has_person_status,ex-slave,39,0.6241830065359477,33,0.5631313131313131,0.0,0.26055567105626243
hasdescriptiveoccupation,slave narrative author,garrard,"clarke, 'enslaved person, ex-slave')",19,0.4067460317460318,34,0.5322270322270323,0.0,0.1506401849870651
hasdescriptiveoccupation,slave narrative author,record,module:,27,0.6138888888888889,14,0.4588744588744589,0.0,0.0
hasdescriptiveoccupation,slave narrative author,has_race_or_color,race_or_color,39,0.5977668845315903,29,0.5712620712620713,0.0,0.0
hasdescriptiveoccupation,slave narrative author,has_race_or_color,african-american,39,0.5977668845315903,32,0.5460858585858586,0.0,0.0
hasdescriptiveoccupation,slave narrative author,has_race_or_color,race_or_color,39,0.5977668845315903,29,0.5712620712620713,0.0,0.0
hasdescriptiveoccupation,slave narrative author,has_race_or_color,african-american,39,0.5977668845315903,32,0.5460858585858586,0.0,0.0
hasdescriptiveoccupation,slave narrative author,has_race_or_color,race_or_color,39,0.5977668845315903,29,0.5712620712620713,0.0,0.0
hasdescriptiveoccupation,slave narrative author,has_race_or_color,african-american,39,0.5977668845315903,32,0.5460858585858586,0.0,0.0
hasdescriptiveoccupation,slave narrative author,has_race_or_color,race_or_color,39,0.5977668845315903,29,0.5712620712620713,0.0,0.0
hasdescriptiveoccupation,slave narrative author,has_race_or_color,african-american,39,0.5977668845315903,32,0.5460858585858586,0.0,0.0
hasdescriptiveoccupation,slave narrative author,has_race_or_color,race_or_color,39,0.5977668845315903,29,0.5712620712620713,0.0,0.0
hasdescriptiveoccupation,slave narrative author,has_race_or_color,african-american,39,0.5977668845315903,32,0.5460858585858586,0.0,0.0
hasdescriptiveoccupation,slave narrative author,has_race_or_color,race_or_color,39,0.5977668845315903,29,0.5712620712620713,0.0,0.0
hasdescriptiveoccupation,slave narrative author,has_race_or_color,african-american,39,0.5977668845315903,32,0.5460858585858586,0.0,0.0
hasdescriptiveoccupation,slave narrative author,has_race_or_color,race_or_color,39,0.5977668845315903,29,0.5712620712620713,0.0,0.0
hasdescriptiveoccupation,slave narrative author,has_race_or_color,african-american,39,0.5977668845315903,32,0.5460858585858586,0.0,0.0
hasdescriptiveoccupation,slave narrative author,has_race_or_color,race_or_color,39,0.5977668845315903,29,0.5712620712620713,0.0,0.0
hasdescriptiveoccupation,slave narrative author,has_race_or_color,african-american,39,0.5977668845315903,32,0.5460858585858586,0.0,0.0
hasdescriptiveoccupation,slave narrative author,has_race_or_color,race_or_color,39,0.5977668845315903,29,0.5712620712620713,0.0,0.0
hasdescriptiveoccupation,slave narrative author,has_race_or_color,african-american,39,0.5977668845315903,32,0.5460858585858586,0.0,0.0
hasdescriptiveoccupation,slave narrative author,has_race_or_color,race_or_color,39,0.5977668845315903,29,0.5712620712620713,0.0,0.0
hasdescriptiveoccupation,slave narrative author,has_race_or_color,african-american,39,0.5977668845315903,32,0.5460858585858586,0.0,0.0
hasdescriptiveoccupation,slave narrative author,has_race_or_color,race_or_color,39,0.5977668845315903,29,0.5712620712620713,0.0,0.0
hasdescriptiveoccupation,slave narrative author,has_race_or_color,african-american,39,0.5977668845315903,32,0.5460858585858586,0.0,0.0
hasdescriptiveoccupation,slave narrative author,has_race_or_color,race_or_color,39,0.5977668845315903,29,0.5712620712620713,0.0,0.0
hasdescriptiveoccupation,slave narrative author,has_race_or_color,african-american,39,0.5977668845315903,32,0.5460858585858586,0.0,0.0
hasdescriptiveoccupation,slave narrative author,has_race_or_color,race_or_color,39,0.5977668845315903,29,0.5712620712620713,0.0,0.0
hasdescriptiveoccupation,slave narrative author,has_race_or_color,african-american,39,0.5977668845315903,32,0.5460858585858586,0.0,0.0
hasdescriptiveoccupation,slave narrative author,has_race_or_color,race_or_color,39,0.5977668845315903,29,0.5712620712620713,0.0,0.0
hasdescriptiveoccupation,slave narrative author,has_race_or_color,african-american,39,0.5977668845315903,32,0.5460858585858586,0.0,0.0
hasdescriptiveoccupation,slave narrative author,has_race_or_color,race_or_color,39,0.5977668845315903,29,0.5712620712620713,0.0,0.0
hasdescriptiveoccupation,slave narrative author,has_race_or_color,african-american,39,0.5977668845315903,32,0.5460858585858586,0.0,0.0
hasdescriptiveoccupation,slave narrative author,has_race_or_color,race_or_color,39,0.5977668845315903,29,0.5712620712620713,0.0,0.0
hasdescriptiveoccupation,slave narrative author,has_race_or_color,african-american,39,0.5977668845315903,32,0.5460858585858586,0.0,0.0
hasdescriptiveoccupation,slave narrative author,has_race_or_color,race_or_color,39,0.5977668845315903,29,0.5712620712620713,0.0,0.0
hasdescriptiveoccupation,slave narrative author,has_race_or_color,african-american,39,0.5977668845315903,32,0.5460858585858586,0.0,0.0
hasdescriptiveoccupation,slave narrative author,has_race_or_color,race_or_color,39,0.5977668845315903,29,0.5712620712620713,0.0,0.0
hasdescriptiveoccupation,slave narrative author,has_race_or_color,african-american,39,0.5977668845315903,32,0.5460858585858586,0.0,0.0
hasdescriptiveoccupation,slave narrative author,has_race_or_color,race_or_color,39,0.5977668845315903,29,0.5712620712620713,0.0,0.0
hasdescriptiveoccupation,slave narrative author,has_race_or_color,african-american,39,0.5977668845315903,32,0.5460858585858586,0.0,0.0
hasdescriptiveoccupation,slave narrative author,has_race_or_color,race_or_color,39,0.5977668845315903,29,0.5712620712620713,0.0,0.0
hasdescriptiveoccupation,slave narrative author,has_race_or_color,african-american,39,0.5977668845315903,32,0.5460858585858586,0.0,0.0
hasdescriptiveoccupation,slave narrative author,has_race_or_color,race_or_color,39,0.5977668845315903,29,0.5712620712620713,0.0,0.0
hasdescriptiveoccupation,slave narrative author,has_race_or_color,african-american,39,0.5977668845315903,32,0.5460858585858586,0.0,0.0
hasdescriptiveoccupation,slave narrative author,has_race_or_color,race_or_color,39,0.5977668845315903,29,0.5712620712620713,0.0,0.0
hasdescriptiveoccupation,slave narrative author,has_race_or_color,african-american,39,0.5977668845315903,32,0.5460858585858586,0.0,0.0
hasdescriptiveoccupation,slave narrative author,has_race_or_color,race_or_color,39,0.5977668845315903,29,0.5712620712620713,0.0,0.0
hasdescriptiveoccupation,slave narrative author,has_race_or_color,african-american,39,0.5977668845315903,32,0.5460858585858586,0.0,0.0
hasdescriptiveoccupation,slave narrative author,has_race_or_color,race_orcolor,39,0.5977668845315903,29,0.5862193362193362,0.0,0.0
hasdescriptiveoccupation,slave narrative author,has_race_or_color,african-american,39,0.5977668845315903,32,0.5460858585858586,0.0,0.0
hasdescriptiveoccupation,slave narrative author,has_race_or_color,race_orcolor,39,0.5977668845315903,29,0.5862193362193362,0.0,0.0
hasdescriptiveoccupation,slave narrative author,has_race_orcolor,african-american,40,0.6087962962962963,32,0.5460858585858586,0.0,0.0
hasdescriptiveoccupation,slave narrative author,has_race_orcolor,race_orcolor,40,0.6087962962962963,29,0.5862193362193362,0.0,0.0
hasdescriptiveoccupation,slave narrative author,has_race_orcolor,african-american,40,0.6087962962962963,32,0.5460858585858586,0.0,0.0
hasdescriptiveoccupation,slave narrative author,has_race_orcolor,race_orcolor,40,0.6087962962962963,29,0.5862193362193362,0.0,0.0
hasdescriptiveoccupation,slave narrative author,has_race_orcolor,african-american,40,0.6087962962962963,32,0.5460858585858586,0.0,0.0
hasdescriptiveoccupation,slave narrative author,has_race_orcolor,race_orcolor,40,0.6087962962962963,29,0.5862193362193362,0.0,0.0
hasdescriptiveoccupation,slave narrative author,has_race_orcolor,african-american,40,0.6087962962962963,32,0.5460858585858586,0.0,0.0
hasdescriptiveoccupation,slave narrative author,has_race_orcolor,race_orcolor,40,0.6087962962962963,29,0.5862193362193362,0.0,0.0
hasdescriptiveoccupation,slave narrative author,has_race_orcolor,african-american,40,0.6087962962962963,32,0.5460858585858586,0.0,0.0
hasdescriptiveoccupation,slave narrative author,has_race_orcolor,race_orcolor,40,0.6087962962962963,29,0.5862193362193362,0.0,0.0
hasdescriptiveoccupation,slave narrative author,has_race_orcolor,african-american,40,0.6087962962962963,32,0.5460858585858586,0.0,0.0
hasdescriptiveoccupation,slave narrative author,has_race_orcolor,race_orcolor,40,0.6087962962962963,29,0.5862193362193362,0.0,0.0
hasdescriptiveoccupation,slave narrative author,has_race_orcolor,african-american,40,0.6087962962962963,32,0.5460858585858586,0.0,0.0
hasdescriptiveoccupation,slave narrative author,has_race_orcolor,race_orcolor,40,0.6087962962962963,29,0.5862193362193362,0.0,0.0
hasdescriptiveoccupation,slave narrative author,has_race_orcolor,african-american,40,0.6087962962962963,32,0.5460858585858586,0.0,0.0
hasdescriptiveoccupation,slave narrative author,has_race_orcolor,race_orcolor,40,0.6087962962962963,29,0.5862193362193362,0.0,0.0
hasdescriptiveoccupation,slave narrative author,has_race_orcolor,african-american,40,0.6087962962962963,32,0.5460858585858586,0.0,0.0
hasdescriptiveoccupation,slave narrative author,has_race_orcolor,race_orcolor,40,0.6087962962962963,29,0.5862193362193362,0.0,0.0
hasdescriptiveoccupation,slave narrative author,has_race_orcolor,african-american,40,0.6087962962962963,32,0.5460858585858586,0.0,0.0
hasdescriptiveoccupation,slave narrative author,has_race_orcolor,race_orcolor,40,0.6087962962962963,29,0.5862193362193362,0.0,0.0
hasdescriptiveoccupation,slave narrative author,has_race_orcolor,african-american,40,0.6087962962962963,32,0.5460858585858586,0.0,0.0
hasdescriptiveoccupation,slave narrative author,has_race_orcolor,race_orcolor,40,0.6087962962962963,29,0.5862193362193362,0.0,0.0
hasdescriptiveoccupation,slave narrative author,has_race_orcolor,african-american,40,0.6087962962962963,32,0.5460858585858586,0.0,0.0
hasdescriptiveoccupation,slave narrative author,has_race_orcolor,race_orcolor,40,0.6087962962962963,29,0.5862193362193362,0.0,0.0
hasdescriptiveoccupation,slave narrative author,has_race_orcolor,african-american,40,0.6087962962962963,32,0.5460858585858586,0.0,0.0
hasdescriptiveoccupation,slave narrative author,has_race_orcolor,race_orcolor,40,0.6087962962962963,29,0.5862193362193362,0.0,0.0
hasdescriptiveoccupation,slave narrative author,has_race_orcolor,african-american,40,0.6087962962962963,32,0.5460858585858586,0.0,0.0
hasdescriptiveoccupation,slave narrative author,has_race_orcolor,race_orcolor,40,0.6087962962962963,29,0.5862193362193362,0.0,0.0
hasdescriptiveoccupation,slave narrative author,has_race_orcolor,african-american,40,0.6087962962962963,32,0.5460858585858586,0.0,0.0
hasdescriptiveoccupation,slave narrative author,has_race_orcolor,race_orcolor,40,0.6087962962962963,29,0.5862193362193362,0.0,0.0
hasdescriptiveoccupation,slave narrative author,has_race_orcolor,african-american,40,0.6087962962962963,32,0.5460858585858586,0.0,0.0
hasdescriptiveoccupation,slave narrative author,has_race_orcolor,race_orcolor,40,0.6087962962962963,29,0.5862193362193362,0.0,0.0
hasdescriptiveoccupation,slave narrative author,has_race_orcolor,african-american,40,0.6087962962962963,32,0.5460858585858586,0.0,0.0
hasdescriptiveoccupation,slave narrative author,has_race_orcolor,race_orcolor,40,0.6087962962962963,29,0.5862193362193362,0.0,0.0
hasdescriptiveoccupation,slave narrative author,has_race_orcolor,african-american,40,0.6087962962962963,32,0.5460858585858586,0.0,0.0
hasdescriptiveoccupation,slave narrative author,has_race_orcolor,race_orcolor,40,0.6087962962962963,29,0.5862193362193362,0.0,0.0
hasdescriptiveoccupation,slave narrative author,has_race_orcolor,african-american,40,0.6087962962962963,32,0.5460858585858586,0.0,0.0
hasdescriptiveoccupation,slave narrative author,has_race_orcolor,race_orcolor,40,0.6087962962962963,29,0.5862193362193362,0.0,0.0
hasdescriptiveoccupation,slave narrative author,has_race_orcolor,african-american,40,0.6087962962962963,32,0.5460858585858586,0.0,0.0
hasdescriptiveoccupation,slave narrative author,has_race_orcolor,race_orcolor,40,0.6087962962962963,29,0.5862193362193362,0.0,0.0
hasdescriptiveoccupation,slave narrative author,has_race_orcolor,african-american,40,0.6087962962962963,32,0.5460858585858586,0.0,0.0
hasdescriptiveoccupation,slave narrative author,has_race_orcolor,race_orcolor,40,0.6087962962962963,29,0.5862193362193362,0.0,0.0
hasdescriptiveoccupation,slave narrative author,has_race_orcolor,african-american,40,0.6087962962962963,32,0.5460858585858586,0.0,0.0
hasdescriptiveoccupation,slave narrative author,has_race_orcolor,race_orcolor,40,0.6087962962962963,29,0.5862193362193362,0.0,0.0
hasdescriptiveoccupation,slave narrative author,has_race_orcolor,african-american,40,0.6087962962962963,32,0.5460858585858586,0.0,0.0
hasdescriptiveoccupation,slave narrative author,has_race_orcolor,race_orcolor,40,0.6087962962962963,29,0.5862193362193362,0.0,0.0
hasdescriptiveoccupation,slave narrative author,has_race_orcolor,african-american,40,0.6087962962962963,32,0.5460858585858586,0.0,0.0
hasdescriptiveoccupation,slave narrative author,has_race_orcolor,race_orcolor,40,0.6087962962962963,29,0.5862193362193362,0.0,0.0
hasdescriptiveoccupation,slave narrative author,has_race_orcolor,african-american,40,0.6087962962962963,32,0.5460858585858586,0.0,0.0
hasdescriptiveoccupation,slave narrative author,has_race_orcolor,race_orcolor,40,0.6087962962962963,29,0.5862193362193362,0.0,0.0
hasdescriptiveoccupation,slave narrative author,has_race_orcolor,african-american,40,0.6087962962962963,32,0.5460858585858586,0.0,0.0
hasdescriptiveoccupation,slave narrative author,has_race_orcolor,race_orcolor,40,0.6087962962962963,29,0.5862193362193362,0.0,0.0
hasdescriptiveoccupation,slave narrative author,has_race_orcolor,african-american,40,0.6087962962962963,32,0.5460858585858586,0.0,0.0
hasdescriptiveoccupation,slave narrative author,has_race_orcolor,race_orcolor,40,0.6087962962962963,29,0.5862193362193362,0.0,0.0
hasdescriptiveoccupation,slave narrative author,has_race_orcolor,african-american,40,0.6087962962962963,32,0.5460858585858586,0.0,0.0
hasdescriptiveoccupation,slave narrative author,has_race_orcolor,race_orcolor,40,0.6087962962962963,29,0.5862193362193362,0.0,0.0
hasdescriptiveoccupation,slave narrative author,has_race_orcolor,african-american,40,0.6087962962962963,32,0.5460858585858586,0.0,0.0
hasdescriptiveoccupation,slave narrative author,has_race_orcolor,race_orcolor,40,0.6087962962962963,29,0.5862193362193362,0.0,0.0
hasdescriptiveoccupation,slave narrative author,has_race_orcolor,african-american,40,0.6087962962962963,32,0.5460858585858586,0.0,0.0
hasdescriptiveoccupation,slave narrative author,has_race_orcolor,race_orcolor,40,0.6087962962962963,29,0.5862193362193362,0.0,0.0
hasdescriptiveoccupation,slave narrative author,has_race_orcolor,african-american,40,0.6087962962962963,32,0.5460858585858586,0.0,0.0
hasdescriptiveoccupation,slave narrative author,has_race_orcolor,race_orcolor,40,0.6087962962962963,29,0.5862193362193362,0.0,0.0
hasdescriptiveoccupation,slave narrative author,has_race_orcolor,african-american,40,0.6087962962962963,32,0.5460858585858586,0.0,0.0
hasdescriptiveoccupation,slave narrative author,has_race_orcolor,race_orcolor,40,0.6087962962962963,29,0.5862193362193362,0.0,0.0
hasdescriptiveoccupation,slave narrative author,has_race_orcolor,african-american,40,0.6087962962962963,32,0.5460858585858586,0.0,0.0
hasdescriptiveoccupation,slave narrative author,has_race_orcolor,race_orcolor,40,0.6087962962962963,29,0.5862193362193362,0.0,0.0
hasdescriptiveoccupation,slave narrative author,garrard,"clarke, african-american) 2. has_race_or_color(agent, race_or_color): has_race_or_color(lewis garrard clarke, african-american) 3. has_race_or_color(agent, race_or_color): has_race_or_color(lewis garrard clarke, african-american) 4. has_race_or_color(agent, race_or_color): has_race_or_color(lewis garrard clarke, african-american) 5. has_race_or_color(agent, race_or_color): has_race_or_color(lewis garrard clarke, african-american) 6. has_race_or_color(agent, race_or_color): has_race_or_color(lewis garrard clarke, african-american) 7. has_race_or_color(agent, race_or_color): has_race_or_color(lewis garrard clarke, african-american) 8. has_race_or_color(agent, race_or_color): has_race_or_color(lewis garrard clarke, african-american) 9. has_race_or_color(agent, race_or_color): has_race_or_color(lewis garrard clarke, african-american) 10. has_race_or_color(agent, race_or_color): has_race_or_color(lewis garrard clarke, african-american) 11. has_race_or_color(agent, race_or_color): has_race_or_color(lewis garrard clarke, african-american) 12. has_race_or_color(agent, race_or_color): has_race_or_color(lewis garrard clarke, african-american) 13. has_race_or_color(agent, race_or_color): has_race_or_color(lewis garrard clarke, african-american) 14. has_race_or_color(agent, race_or_color): has_race_or_color(lewis garrard clarke, african-american) 15. has_race_or_color(agent, race_or_color): has_race_or_color(lewis garrard clarke, african-american) 16. has_race_or_color(agent, race_or_color): has_race_or_color(lewis garrard clarke, african-american) 17. has_race_or_color(agent, race_or_color): has_race_or_color(lewis garrard clarke, african-american) 18. has_race_or_color(agent, race_or_color): has_race_or_color(lewis garrard clarke, african-american) 19. has_race_or_color(agent, race_or_color): has_race_or_color(lewis garrard clarke, african-american) 20. has_race_or_color(agent, race_or_color): has_race_or_color(lewis garrard clarke, african-american) 21. has_race_or_color(agent, race_or_color): has_race_or_color(lewis garrard clarke, african-american) 22. has_race_or_color(agent, race_or_color): has_race_or_color(lewis garrard clarke, african-american) 23. has_race_or_color(agent, race_or_color): has_race_or_color(lewis garrard clarke, african-american) 24. has_race_or_color(agent, race_orcolor): has_race_or_color(lewis garrard clarke, african-american) 25. has_race_or_color(agent, race_orcolor): has_race_orcolor(lewis garrard clarke, african-american) 26. has_race_orcolor(agent, race_orcolor): has_race_orcolor(lewis garrard clarke, african-american) 27. has_race_orcolor(agent, race_orcolor): has_race_orcolor(lewis garrard clarke, african-american) 28. has_race_orcolor(agent, race_orcolor): has_race_orcolor(lewis garrard clarke, african-american) 29. has_race_orcolor(agent, race_orcolor): has_race_orcolor(lewis garrard clarke, african-american) 30. has_race_orcolor(agent, race_orcolor): has_race_orcolor(lewis garrard clarke, african-american) 31. has_race_orcolor(agent, race_orcolor): has_race_orcolor(lewis garrard clarke, african-american) 32. has_race_orcolor(agent, race_orcolor): has_race_orcolor(lewis garrard clarke, african-american) 33. has_race_orcolor(agent, race_orcolor): has_race_orcolor(lewis garrard clarke, african-american) 34. has_race_orcolor(agent, race_orcolor): has_race_orcolor(lewis garrard clarke, african-american) 35. has_race_orcolor(agent, race_orcolor): has_race_orcolor(lewis garrard clarke, african-american) 36. has_race_orcolor(agent, race_orcolor): has_race_orcolor(lewis garrard clarke, african-american) 37. has_race_orcolor(agent, race_orcolor): has_race_orcolor(lewis garrard clarke, african-american) 38. has_race_orcolor(agent, race_orcolor): has_race_orcolor(lewis garrard clarke, african-american) 39. has_race_orcolor(agent, race_orcolor): has_race_orcolor(lewis garrard clarke, african-american) 40. has_race_orcolor(agent, race_orcolor): has_race_orcolor(lewis garrard clarke, african-american) 41. has_race_orcolor(agent, race_orcolor): has_race_orcolor(lewis garrard clarke, african-american) 42. has_race_orcolor(agent, race_orcolor): has_race_orcolor(lewis garrard clarke, african-american) 43. has_race_orcolor(agent, race_orcolor): has_race_orcolor(lewis garrard clarke, african-american) 44. has_race_orcolor(agent, race_orcolor): has_race_orcolor(lewis garrard clarke, african-american) 45. has_race_orcolor(agent, race_orcolor): has_race_orcolor(lewis garrard clarke, african-american) 46. has_race_orcolor(agent, race_orcolor): has_race_orcolor(lewis garrard clarke, african-american) 47. has_race_orcolor(agent, race_orcolor): has_race_orcolor(lewis garrard clarke, african-american) 48. has_race_orcolor(agent, race_orcolor): has_race_orcolor(lewis garrard clarke, african-american) 49. has_race_orcolor(agent, race_orcolor): has_race_orcolor(lewis garrard clarke, african-american) 50. has_race_orcolor(agent, race_orcolor): has_race_orcolor(lewis garrard clarke, african-american) 51. has_race_orcolor(agent, race_orcolor): has_race_orcolor(lewis garrard clarke, african-american) 52. has_race_orcolor(agent, race_orcolor): has_race_orcolor(lewis garrard clarke, african-american) 53. has_race_orcolor(agent, race_orcolor): has_race_orcolor(lewis garrard clarke, african-american) 54. has_race_orcolor(agent, race_orcolor): has_race_orcolor(lewis garrard clarke, african-american) 55. has_race_orcolor(agent, race_orcolor): has_race_orcolor(lewis garrard clarke, african-american) 56. has_race_orcolor(agent, race_orcolor): has_race_orcolor(lewis garrard clarke, african-american) 57. has_race_orcolor(agent, race_orcolor): has_race_orcolor(lewis garrard clarke, african-american) 58. has_race_orcolor(agent, race_orcolor): has_race_or",19,0.4067460317460318,1,0.48196442000473944,0.0,0.0
hasfirstname,lewis g.,on the,"text, the following ontology relations can be populated:",22,0.3333333333333333,16,0.5079365079365079,0.0,0.0
hasfirstname,lewis g.,record,module:,22,0.4166666666666667,27,0.0,0.0,0.0
hasfirstname,lewis g.,has_name,name,70,0.8736111111111112,17,0.4583333333333333,0.0,0.0
hasfirstname,lewis g.,has_name,lewis garrard clarke,70,0.8736111111111112,50,0.845,0.0,0.4494364165239821
hasfirstname,lewis g.,garrard,"clarke, 'lewis garrard clarke')",32,0.5595238095238095,36,0.6050307219662058,0.0,0.3032160644503863
hasfirstname,lewis g.,has_surname,surname,70,0.8733164983164984,13,0.0,0.0,0.0
hasfirstname,lewis g.,has_surname,clarke,70,0.8733164983164984,29,0.4305555555555555,0.0,0.0
hasfirstname,lewis g.,garrard,"clarke, 'clarke')",32,0.5595238095238095,24,0.5171568627450981,0.0,0.0
hasfirstname,lewis g.,has_first_name,first_name,92,0.9666666666666667,22,0.48333333333333334,0.0,0.0
hasfirstname,lewis g.,has_first_name,lewis,92,0.9666666666666667,77,0.925,0.0,1.0
hasfirstname,lewis g.,garrard,"clarke, 'lewis')",32,0.5595238095238095,42,0.5208333333333334,0.0,0.5797386715376658
hasfirstname,lewis g.,relationship record,module:,32,0.5077276524644946,27,0.0,0.0,0.0
hasfirstname,lewis g.,has_interagent_relationship_type_to,relationship_type,34,0.5949735449735449,24,0.4950980392156863,0.0,0.0
hasfirstname,lewis g.,has_interagent_relationship_type_to,enslaver,34,0.5949735449735449,25,0.47222222222222215,0.0,0.0
hasfirstname,lewis g.,garrard,"clarke, 'enslaver')",32,0.5595238095238095,22,0.4868421052631579,0.0,0.0
hasfirstname,lewis g.,is_relationship_to,agent,27,0.6203703703703703,15,0.44166666666666665,0.0,0.0
hasfirstname,lewis g.,is_relationship_to,samuel campbell,27,0.6203703703703703,17,0.5055555555555555,0.0,0.0
hasfirstname,lewis g.,garrard,"clarke, 'samuel campbell')",32,0.5595238095238095,24,0.4679487179487179,0.0,0.0
hasfirstname,lewis g.,record,module:,22,0.4166666666666667,27,0.0,0.0,0.0
hasfirstname,lewis g.,has_sex,sex_type,53,0.6349206349206349,12,0.4166666666666667,0.0,0.0
hasfirstname,lewis g.,has_sex,male,53,0.6349206349206349,33,0.5833333333333334,0.0,0.0
hasfirstname,lewis g.,garrard,"clarke, 'male')",32,0.5595238095238095,26,0.525,0.0,0.0
hasfirstname,lewis g.,record,module:,22,0.4166666666666667,27,0.0,0.0,0.0
hasfirstname,lewis g.,has_occupation,occupation,38,0.5873015873015873,11,0.4083333333333334,0.0,0.0
hasfirstname,lewis g.,has_occupation,slave,38,0.5873015873015873,31,0.5499999999999999,0.0,0.0
hasfirstname,lewis g.,has_occupation,educator,38,0.5873015873015873,12,0.4166666666666667,0.0,0.0
hasfirstname,lewis g.,has_occupation,lawyer,38,0.5873015873015873,29,0.5138888888888888,0.0,0.0
hasfirstname,lewis g.,has_occupation,and autobiographer,38,0.5873015873015873,15,0.40277777777777773,0.0,0.0
hasfirstname,lewis g.,garrard,"clarke, 'slave, educator, lawyer, and autobiographer')",32,0.5595238095238095,16,0.5058641975308642,0.0,0.0
hasfirstname,lewis g.,record,module:,22,0.4166666666666667,27,0.0,0.0,0.0
hasfirstname,lewis g.,has_age,age,53,0.7972222222222223,18,0.4861111111111111,0.0,0.0
hasfirstname,lewis g.,has_age,?,53,0.7972222222222223,0,0.0,0.0,0.0
hasfirstname,lewis g.,garrard,"clarke,?) (note: the age is not mentioned in the text)",32,0.5595238095238095,16,0.5092592592592592,0.0,0.0
hasfirstname,lewis g.,has_birthdate,date_of_birth,64,0.8324786324786324,19,0.4006410256410256,0.0,0.0
hasfirstname,lewis g.,has_birthdate,?,64,0.8324786324786324,0,0.0,0.0,0.0
hasfirstname,lewis g.,garrard,"clarke,?) (note: the birth date is not mentioned in the text)",32,0.5595238095238095,14,0.5023224043715847,0.0,0.0
hasfirstname,lewis g.,has_deathdate,date_of_death,48,0.5982905982905983,10,0.4006410256410256,0.0,0.0
hasfirstname,lewis g.,has_deathdate,?,48,0.5982905982905983,0,0.0,0.0,0.0
hasfirstname,lewis g.,garrard,"clarke,?) (note: the death date is not mentioned in the text)",32,0.5595238095238095,14,0.5023224043715847,0.0,0.0
hasfirstname,lewis g.,status record,module:,32,0.5427350427350427,27,0.0,0.0,0.0
hasfirstname,lewis g.,has_person_status,enslaved person,48,0.6857298474945533,26,0.5055555555555555,0.0,0.0
hasfirstname,lewis g.,has_person_status,ex-slave,48,0.6857298474945533,25,0.5,0.0,0.0
hasfirstname,lewis g.,garrard,"clarke, 'enslaved person, ex-slave')",32,0.5595238095238095,18,0.4537037037037037,0.0,0.0
hasfirstname,lewis g.,record,module:,22,0.4166666666666667,27,0.0,0.0,0.0
hasfirstname,lewis g.,has_race_or_color,race_or_color,41,0.6176470588235294,10,0.4006410256410256,0.0,0.0
hasfirstname,lewis g.,has_race_or_color,african-american,41,0.6176470588235294,17,0.3958333333333333,0.0,0.0
hasfirstname,lewis g.,has_race_or_color,race_or_color,41,0.6176470588235294,10,0.4006410256410256,0.0,0.0
hasfirstname,lewis g.,has_race_or_color,african-american,41,0.6176470588235294,17,0.3958333333333333,0.0,0.0
hasfirstname,lewis g.,has_race_or_color,race_or_color,41,0.6176470588235294,10,0.4006410256410256,0.0,0.0
hasfirstname,lewis g.,has_race_or_color,african-american,41,0.6176470588235294,17,0.3958333333333333,0.0,0.0
hasfirstname,lewis g.,has_race_or_color,race_or_color,41,0.6176470588235294,10,0.4006410256410256,0.0,0.0
hasfirstname,lewis g.,has_race_or_color,african-american,41,0.6176470588235294,17,0.3958333333333333,0.0,0.0
hasfirstname,lewis g.,has_race_or_color,race_or_color,41,0.6176470588235294,10,0.4006410256410256,0.0,0.0
hasfirstname,lewis g.,has_race_or_color,african-american,41,0.6176470588235294,17,0.3958333333333333,0.0,0.0
hasfirstname,lewis g.,has_race_or_color,race_or_color,41,0.6176470588235294,10,0.4006410256410256,0.0,0.0
hasfirstname,lewis g.,has_race_or_color,african-american,41,0.6176470588235294,17,0.3958333333333333,0.0,0.0
hasfirstname,lewis g.,has_race_or_color,race_or_color,41,0.6176470588235294,10,0.4006410256410256,0.0,0.0
hasfirstname,lewis g.,has_race_or_color,african-american,41,0.6176470588235294,17,0.3958333333333333,0.0,0.0
hasfirstname,lewis g.,has_race_or_color,race_or_color,41,0.6176470588235294,10,0.4006410256410256,0.0,0.0
hasfirstname,lewis g.,has_race_or_color,african-american,41,0.6176470588235294,17,0.3958333333333333,0.0,0.0
hasfirstname,lewis g.,has_race_or_color,race_or_color,41,0.6176470588235294,10,0.4006410256410256,0.0,0.0
hasfirstname,lewis g.,has_race_or_color,african-american,41,0.6176470588235294,17,0.3958333333333333,0.0,0.0
hasfirstname,lewis g.,has_race_or_color,race_or_color,41,0.6176470588235294,10,0.4006410256410256,0.0,0.0
hasfirstname,lewis g.,has_race_or_color,african-american,41,0.6176470588235294,17,0.3958333333333333,0.0,0.0
hasfirstname,lewis g.,has_race_or_color,race_or_color,41,0.6176470588235294,10,0.4006410256410256,0.0,0.0
hasfirstname,lewis g.,has_race_or_color,african-american,41,0.6176470588235294,17,0.3958333333333333,0.0,0.0
hasfirstname,lewis g.,has_race_or_color,race_or_color,41,0.6176470588235294,10,0.4006410256410256,0.0,0.0
hasfirstname,lewis g.,has_race_or_color,african-american,41,0.6176470588235294,17,0.3958333333333333,0.0,0.0
hasfirstname,lewis g.,has_race_or_color,race_or_color,41,0.6176470588235294,10,0.4006410256410256,0.0,0.0
hasfirstname,lewis g.,has_race_or_color,african-american,41,0.6176470588235294,17,0.3958333333333333,0.0,0.0
hasfirstname,lewis g.,has_race_or_color,race_or_color,41,0.6176470588235294,10,0.4006410256410256,0.0,0.0
hasfirstname,lewis g.,has_race_or_color,african-american,41,0.6176470588235294,17,0.3958333333333333,0.0,0.0
hasfirstname,lewis g.,has_race_or_color,race_or_color,41,0.6176470588235294,10,0.4006410256410256,0.0,0.0
hasfirstname,lewis g.,has_race_or_color,african-american,41,0.6176470588235294,17,0.3958333333333333,0.0,0.0
hasfirstname,lewis g.,has_race_or_color,race_or_color,41,0.6176470588235294,10,0.4006410256410256,0.0,0.0
hasfirstname,lewis g.,has_race_or_color,african-american,41,0.6176470588235294,17,0.3958333333333333,0.0,0.0
hasfirstname,lewis g.,has_race_or_color,race_or_color,41,0.6176470588235294,10,0.4006410256410256,0.0,0.0
hasfirstname,lewis g.,has_race_or_color,african-american,41,0.6176470588235294,17,0.3958333333333333,0.0,0.0
hasfirstname,lewis g.,has_race_or_color,race_or_color,41,0.6176470588235294,10,0.4006410256410256,0.0,0.0
hasfirstname,lewis g.,has_race_or_color,african-american,41,0.6176470588235294,17,0.3958333333333333,0.0,0.0
hasfirstname,lewis g.,has_race_or_color,race_or_color,41,0.6176470588235294,10,0.4006410256410256,0.0,0.0
hasfirstname,lewis g.,has_race_or_color,african-american,41,0.6176470588235294,17,0.3958333333333333,0.0,0.0
hasfirstname,lewis g.,has_race_or_color,race_or_color,41,0.6176470588235294,10,0.4006410256410256,0.0,0.0
hasfirstname,lewis g.,has_race_or_color,african-american,41,0.6176470588235294,17,0.3958333333333333,0.0,0.0
hasfirstname,lewis g.,has_race_or_color,race_or_color,41,0.6176470588235294,10,0.4006410256410256,0.0,0.0
hasfirstname,lewis g.,has_race_or_color,african-american,41,0.6176470588235294,17,0.3958333333333333,0.0,0.0
hasfirstname,lewis g.,has_race_or_color,race_or_color,41,0.6176470588235294,10,0.4006410256410256,0.0,0.0
hasfirstname,lewis g.,has_race_or_color,african-american,41,0.6176470588235294,17,0.3958333333333333,0.0,0.0
hasfirstname,lewis g.,has_race_or_color,race_or_color,41,0.6176470588235294,10,0.4006410256410256,0.0,0.0
hasfirstname,lewis g.,has_race_or_color,african-american,41,0.6176470588235294,17,0.3958333333333333,0.0,0.0
hasfirstname,lewis g.,has_race_or_color,race_orcolor,41,0.6176470588235294,10,0.40277777777777773,0.0,0.0
hasfirstname,lewis g.,has_race_or_color,african-american,41,0.6176470588235294,17,0.3958333333333333,0.0,0.0
hasfirstname,lewis g.,has_race_or_color,race_orcolor,41,0.6176470588235294,10,0.40277777777777773,0.0,0.0
hasfirstname,lewis g.,has_race_orcolor,african-american,43,0.625,17,0.3958333333333333,0.0,0.0
hasfirstname,lewis g.,has_race_orcolor,race_orcolor,43,0.625,10,0.40277777777777773,0.0,0.0
hasfirstname,lewis g.,has_race_orcolor,african-american,43,0.625,17,0.3958333333333333,0.0,0.0
hasfirstname,lewis g.,has_race_orcolor,race_orcolor,43,0.625,10,0.40277777777777773,0.0,0.0
hasfirstname,lewis g.,has_race_orcolor,african-american,43,0.625,17,0.3958333333333333,0.0,0.0
hasfirstname,lewis g.,has_race_orcolor,race_orcolor,43,0.625,10,0.40277777777777773,0.0,0.0
hasfirstname,lewis g.,has_race_orcolor,african-american,43,0.625,17,0.3958333333333333,0.0,0.0
hasfirstname,lewis g.,has_race_orcolor,race_orcolor,43,0.625,10,0.40277777777777773,0.0,0.0
hasfirstname,lewis g.,has_race_orcolor,african-american,43,0.625,17,0.3958333333333333,0.0,0.0
hasfirstname,lewis g.,has_race_orcolor,race_orcolor,43,0.625,10,0.40277777777777773,0.0,0.0
hasfirstname,lewis g.,has_race_orcolor,african-american,43,0.625,17,0.3958333333333333,0.0,0.0
hasfirstname,lewis g.,has_race_orcolor,race_orcolor,43,0.625,10,0.40277777777777773,0.0,0.0
hasfirstname,lewis g.,has_race_orcolor,african-american,43,0.625,17,0.3958333333333333,0.0,0.0
hasfirstname,lewis g.,has_race_orcolor,race_orcolor,43,0.625,10,0.40277777777777773,0.0,0.0
hasfirstname,lewis g.,has_race_orcolor,african-american,43,0.625,17,0.3958333333333333,0.0,0.0
hasfirstname,lewis g.,has_race_orcolor,race_orcolor,43,0.625,10,0.40277777777777773,0.0,0.0
hasfirstname,lewis g.,has_race_orcolor,african-american,43,0.625,17,0.3958333333333333,0.0,0.0
hasfirstname,lewis g.,has_race_orcolor,race_orcolor,43,0.625,10,0.40277777777777773,0.0,0.0
hasfirstname,lewis g.,has_race_orcolor,african-american,43,0.625,17,0.3958333333333333,0.0,0.0
hasfirstname,lewis g.,has_race_orcolor,race_orcolor,43,0.625,10,0.40277777777777773,0.0,0.0
hasfirstname,lewis g.,has_race_orcolor,african-american,43,0.625,17,0.3958333333333333,0.0,0.0
hasfirstname,lewis g.,has_race_orcolor,race_orcolor,43,0.625,10,0.40277777777777773,0.0,0.0
hasfirstname,lewis g.,has_race_orcolor,african-american,43,0.625,17,0.3958333333333333,0.0,0.0
hasfirstname,lewis g.,has_race_orcolor,race_orcolor,43,0.625,10,0.40277777777777773,0.0,0.0
hasfirstname,lewis g.,has_race_orcolor,african-american,43,0.625,17,0.3958333333333333,0.0,0.0
hasfirstname,lewis g.,has_race_orcolor,race_orcolor,43,0.625,10,0.40277777777777773,0.0,0.0
hasfirstname,lewis g.,has_race_orcolor,african-american,43,0.625,17,0.3958333333333333,0.0,0.0
hasfirstname,lewis g.,has_race_orcolor,race_orcolor,43,0.625,10,0.40277777777777773,0.0,0.0
hasfirstname,lewis g.,has_race_orcolor,african-american,43,0.625,17,0.3958333333333333,0.0,0.0
hasfirstname,lewis g.,has_race_orcolor,race_orcolor,43,0.625,10,0.40277777777777773,0.0,0.0
hasfirstname,lewis g.,has_race_orcolor,african-american,43,0.625,17,0.3958333333333333,0.0,0.0
hasfirstname,lewis g.,has_race_orcolor,race_orcolor,43,0.625,10,0.40277777777777773,0.0,0.0
hasfirstname,lewis g.,has_race_orcolor,african-american,43,0.625,17,0.3958333333333333,0.0,0.0
hasfirstname,lewis g.,has_race_orcolor,race_orcolor,43,0.625,10,0.40277777777777773,0.0,0.0
hasfirstname,lewis g.,has_race_orcolor,african-american,43,0.625,17,0.3958333333333333,0.0,0.0
hasfirstname,lewis g.,has_race_orcolor,race_orcolor,43,0.625,10,0.40277777777777773,0.0,0.0
hasfirstname,lewis g.,has_race_orcolor,african-american,43,0.625,17,0.3958333333333333,0.0,0.0
hasfirstname,lewis g.,has_race_orcolor,race_orcolor,43,0.625,10,0.40277777777777773,0.0,0.0
hasfirstname,lewis g.,has_race_orcolor,african-american,43,0.625,17,0.3958333333333333,0.0,0.0
hasfirstname,lewis g.,has_race_orcolor,race_orcolor,43,0.625,10,0.40277777777777773,0.0,0.0
hasfirstname,lewis g.,has_race_orcolor,african-american,43,0.625,17,0.3958333333333333,0.0,0.0
hasfirstname,lewis g.,has_race_orcolor,race_orcolor,43,0.625,10,0.40277777777777773,0.0,0.0
hasfirstname,lewis g.,has_race_orcolor,african-american,43,0.625,17,0.3958333333333333,0.0,0.0
hasfirstname,lewis g.,has_race_orcolor,race_orcolor,43,0.625,10,0.40277777777777773,0.0,0.0
hasfirstname,lewis g.,has_race_orcolor,african-american,43,0.625,17,0.3958333333333333,0.0,0.0
hasfirstname,lewis g.,has_race_orcolor,race_orcolor,43,0.625,10,0.40277777777777773,0.0,0.0
hasfirstname,lewis g.,has_race_orcolor,african-american,43,0.625,17,0.3958333333333333,0.0,0.0
hasfirstname,lewis g.,has_race_orcolor,race_orcolor,43,0.625,10,0.40277777777777773,0.0,0.0
hasfirstname,lewis g.,has_race_orcolor,african-american,43,0.625,17,0.3958333333333333,0.0,0.0
hasfirstname,lewis g.,has_race_orcolor,race_orcolor,43,0.625,10,0.40277777777777773,0.0,0.0
hasfirstname,lewis g.,has_race_orcolor,african-american,43,0.625,17,0.3958333333333333,0.0,0.0
hasfirstname,lewis g.,has_race_orcolor,race_orcolor,43,0.625,10,0.40277777777777773,0.0,0.0
hasfirstname,lewis g.,has_race_orcolor,african-american,43,0.625,17,0.3958333333333333,0.0,0.0
hasfirstname,lewis g.,has_race_orcolor,race_orcolor,43,0.625,10,0.40277777777777773,0.0,0.0
hasfirstname,lewis g.,has_race_orcolor,african-american,43,0.625,17,0.3958333333333333,0.0,0.0
hasfirstname,lewis g.,has_race_orcolor,race_orcolor,43,0.625,10,0.40277777777777773,0.0,0.0
hasfirstname,lewis g.,has_race_orcolor,african-american,43,0.625,17,0.3958333333333333,0.0,0.0
hasfirstname,lewis g.,has_race_orcolor,race_orcolor,43,0.625,10,0.40277777777777773,0.0,0.0
hasfirstname,lewis g.,has_race_orcolor,african-american,43,0.625,17,0.3958333333333333,0.0,0.0
hasfirstname,lewis g.,has_race_orcolor,race_orcolor,43,0.625,10,0.40277777777777773,0.0,0.0
hasfirstname,lewis g.,has_race_orcolor,african-american,43,0.625,17,0.3958333333333333,0.0,0.0
hasfirstname,lewis g.,has_race_orcolor,race_orcolor,43,0.625,10,0.40277777777777773,0.0,0.0
hasfirstname,lewis g.,has_race_orcolor,african-american,43,0.625,17,0.3958333333333333,0.0,0.0
hasfirstname,lewis g.,has_race_orcolor,race_orcolor,43,0.625,10,0.40277777777777773,0.0,0.0
hasfirstname,lewis g.,has_race_orcolor,african-american,43,0.625,17,0.3958333333333333,0.0,0.0
hasfirstname,lewis g.,has_race_orcolor,race_orcolor,43,0.625,10,0.40277777777777773,0.0,0.0
hasfirstname,lewis g.,garrard,"clarke, african-american) 2. has_race_or_color(agent, race_or_color): has_race_or_color(lewis garrard clarke, african-american) 3. has_race_or_color(agent, race_or_color): has_race_or_color(lewis garrard clarke, african-american) 4. has_race_or_color(agent, race_or_color): has_race_or_color(lewis garrard clarke, african-american) 5. has_race_or_color(agent, race_or_color): has_race_or_color(lewis garrard clarke, african-american) 6. has_race_or_color(agent, race_or_color): has_race_or_color(lewis garrard clarke, african-american) 7. has_race_or_color(agent, race_or_color): has_race_or_color(lewis garrard clarke, african-american) 8. has_race_or_color(agent, race_or_color): has_race_or_color(lewis garrard clarke, african-american) 9. has_race_or_color(agent, race_or_color): has_race_or_color(lewis garrard clarke, african-american) 10. has_race_or_color(agent, race_or_color): has_race_or_color(lewis garrard clarke, african-american) 11. has_race_or_color(agent, race_or_color): has_race_or_color(lewis garrard clarke, african-american) 12. has_race_or_color(agent, race_or_color): has_race_or_color(lewis garrard clarke, african-american) 13. has_race_or_color(agent, race_or_color): has_race_or_color(lewis garrard clarke, african-american) 14. has_race_or_color(agent, race_or_color): has_race_or_color(lewis garrard clarke, african-american) 15. has_race_or_color(agent, race_or_color): has_race_or_color(lewis garrard clarke, african-american) 16. has_race_or_color(agent, race_or_color): has_race_or_color(lewis garrard clarke, african-american) 17. has_race_or_color(agent, race_or_color): has_race_or_color(lewis garrard clarke, african-american) 18. has_race_or_color(agent, race_or_color): has_race_or_color(lewis garrard clarke, african-american) 19. has_race_or_color(agent, race_or_color): has_race_or_color(lewis garrard clarke, african-american) 20. has_race_or_color(agent, race_or_color): has_race_or_color(lewis garrard clarke, african-american) 21. has_race_or_color(agent, race_or_color): has_race_or_color(lewis garrard clarke, african-american) 22. has_race_or_color(agent, race_or_color): has_race_or_color(lewis garrard clarke, african-american) 23. has_race_or_color(agent, race_or_color): has_race_or_color(lewis garrard clarke, african-american) 24. has_race_or_color(agent, race_orcolor): has_race_or_color(lewis garrard clarke, african-american) 25. has_race_or_color(agent, race_orcolor): has_race_orcolor(lewis garrard clarke, african-american) 26. has_race_orcolor(agent, race_orcolor): has_race_orcolor(lewis garrard clarke, african-american) 27. has_race_orcolor(agent, race_orcolor): has_race_orcolor(lewis garrard clarke, african-american) 28. has_race_orcolor(agent, race_orcolor): has_race_orcolor(lewis garrard clarke, african-american) 29. has_race_orcolor(agent, race_orcolor): has_race_orcolor(lewis garrard clarke, african-american) 30. has_race_orcolor(agent, race_orcolor): has_race_orcolor(lewis garrard clarke, african-american) 31. has_race_orcolor(agent, race_orcolor): has_race_orcolor(lewis garrard clarke, african-american) 32. has_race_orcolor(agent, race_orcolor): has_race_orcolor(lewis garrard clarke, african-american) 33. has_race_orcolor(agent, race_orcolor): has_race_orcolor(lewis garrard clarke, african-american) 34. has_race_orcolor(agent, race_orcolor): has_race_orcolor(lewis garrard clarke, african-american) 35. has_race_orcolor(agent, race_orcolor): has_race_orcolor(lewis garrard clarke, african-american) 36. has_race_orcolor(agent, race_orcolor): has_race_orcolor(lewis garrard clarke, african-american) 37. has_race_orcolor(agent, race_orcolor): has_race_orcolor(lewis garrard clarke, african-american) 38. has_race_orcolor(agent, race_orcolor): has_race_orcolor(lewis garrard clarke, african-american) 39. has_race_orcolor(agent, race_orcolor): has_race_orcolor(lewis garrard clarke, african-american) 40. has_race_orcolor(agent, race_orcolor): has_race_orcolor(lewis garrard clarke, african-american) 41. has_race_orcolor(agent, race_orcolor): has_race_orcolor(lewis garrard clarke, african-american) 42. has_race_orcolor(agent, race_orcolor): has_race_orcolor(lewis garrard clarke, african-american) 43. has_race_orcolor(agent, race_orcolor): has_race_orcolor(lewis garrard clarke, african-american) 44. has_race_orcolor(agent, race_orcolor): has_race_orcolor(lewis garrard clarke, african-american) 45. has_race_orcolor(agent, race_orcolor): has_race_orcolor(lewis garrard clarke, african-american) 46. has_race_orcolor(agent, race_orcolor): has_race_orcolor(lewis garrard clarke, african-american) 47. has_race_orcolor(agent, race_orcolor): has_race_orcolor(lewis garrard clarke, african-american) 48. has_race_orcolor(agent, race_orcolor): has_race_orcolor(lewis garrard clarke, african-american) 49. has_race_orcolor(agent, race_orcolor): has_race_orcolor(lewis garrard clarke, african-american) 50. has_race_orcolor(agent, race_orcolor): has_race_orcolor(lewis garrard clarke, african-american) 51. has_race_orcolor(agent, race_orcolor): has_race_orcolor(lewis garrard clarke, african-american) 52. has_race_orcolor(agent, race_orcolor): has_race_orcolor(lewis garrard clarke, african-american) 53. has_race_orcolor(agent, race_orcolor): has_race_orcolor(lewis garrard clarke, african-american) 54. has_race_orcolor(agent, race_orcolor): has_race_orcolor(lewis garrard clarke, african-american) 55. has_race_orcolor(agent, race_orcolor): has_race_orcolor(lewis garrard clarke, african-american) 56. has_race_orcolor(agent, race_orcolor): has_race_orcolor(lewis garrard clarke, african-american) 57. has_race_orcolor(agent, race_orcolor): has_race_orcolor(lewis garrard clarke, african-american) 58. has_race_orcolor(agent, race_orcolor): has_race_or",32,0.5595238095238095,0,0.5837978284851651,0.0,0.24689802056053622
hassurname,clarke,on the,"text, the following ontology relations can be populated:",25,0.5111111111111111,13,0.4067460317460318,0.0,0.0
hassurname,clarke,record,module:,25,0.4222222222222222,31,0.4365079365079365,0.0,0.0
hassurname,clarke,has_name,name,78,0.9008333333333334,40,0.611111111111111,0.0,0.0
hassurname,clarke,has_name,lewis garrard clarke,78,0.9008333333333334,46,0.5388888888888889,0.0,0.4494364165239821
hassurname,clarke,garrard,"clarke, 'lewis garrard clarke')",35,0.5761904761904763,32,0.8387096774193548,0.0,0.7092972666062738
hassurname,clarke,has_surname,surname,95,0.9787878787878788,31,0.5317460317460317,0.0,0.0
hassurname,clarke,has_surname,clarke,95,0.9787878787878788,100,1.0,0.0,1.0
hassurname,clarke,garrard,"clarke, 'clarke')",35,0.5761904761904763,52,0.8705882352941177,0.0,1.0
hassurname,clarke,has_first_name,first_name,67,0.8674074074074074,25,0.5111111111111111,0.0,0.0
hassurname,clarke,has_first_name,lewis,67,0.8674074074074074,36,0.45555555555555555,0.0,0.0
hassurname,clarke,garrard,"clarke, 'lewis')",35,0.5761904761904763,55,0.875,0.0,0.5797386715376658
hassurname,clarke,relationship record,module:,28,0.4543859649122807,31,0.4365079365079365,0.0,0.0
hassurname,clarke,has_interagent_relationship_type_to,relationship_type,31,0.5380952380952381,26,0.46732026143790845,0.0,0.0
hassurname,clarke,has_interagent_relationship_type_to,enslaver,31,0.5380952380952381,43,0.625,0.0,0.0
hassurname,clarke,garrard,"clarke, 'enslaver')",35,0.5761904761904763,48,0.8631578947368421,0.0,0.5797386715376658
hassurname,clarke,is_relationship_to,agent,21,0.5333333333333333,36,0.45555555555555555,0.0,0.0
hassurname,clarke,is_relationship_to,samuel campbell,21,0.5333333333333333,29,0.45555555555555555,0.0,0.0
hassurname,clarke,garrard,"clarke, 'samuel campbell')",35,0.5761904761904763,38,0.8461538461538461,0.0,0.44943641652398214
hassurname,clarke,record,module:,25,0.4222222222222222,31,0.4365079365079365,0.0,0.0
hassurname,clarke,has_sex,sex_type,59,0.8166666666666667,14,0.4305555555555555,0.0,0.0
hassurname,clarke,has_sex,male,59,0.8166666666666667,40,0.6388888888888888,0.0,0.0
hassurname,clarke,garrard,"clarke, 'male')",35,0.5761904761904763,57,0.88,0.0,0.5797386715376658
hassurname,clarke,record,module:,25,0.4222222222222222,31,0.4365079365079365,0.0,0.0
hassurname,clarke,has_occupation,occupation,42,0.6190476190476191,25,0.5111111111111111,0.0,0.0
hassurname,clarke,has_occupation,slave,42,0.6190476190476191,55,0.7000000000000001,0.0,0.0
hassurname,clarke,has_occupation,educator,42,0.6190476190476191,43,0.5277777777777778,0.0,0.0
hassurname,clarke,has_occupation,lawyer,42,0.6190476190476191,50,0.6944444444444443,0.0,0.0
hassurname,clarke,has_occupation,and autobiographer,42,0.6190476190476191,25,0.40740740740740744,0.0,0.0
hassurname,clarke,garrard,"clarke, 'slave, educator, lawyer, and autobiographer')",35,0.5761904761904763,20,0.8222222222222222,0.0,0.3032160644503863
hassurname,clarke,record,module:,25,0.4222222222222222,31,0.4365079365079365,0.0,0.0
hassurname,clarke,has_age,age,59,0.8166666666666667,44,0.5,0.0,0.0
hassurname,clarke,has_age,?,59,0.8166666666666667,0,0.0,0.0,0.0
hassurname,clarke,garrard,"clarke,?) (note: the age is not mentioned in the text)",35,0.5761904761904763,20,0.8222222222222222,0.0,0.20975539627821688
hassurname,clarke,has_birthdate,date_of_birth,52,0.6871794871794871,21,0.49572649572649574,0.0,0.0
hassurname,clarke,has_birthdate,?,52,0.6871794871794871,0,0.0,0.0,0.0
hassurname,clarke,garrard,"clarke,?) (note: the birth date is not mentioned in the text)",35,0.5761904761904763,18,0.6994535519125683,0.0,0.2011946755849157
hassurname,clarke,has_deathdate,date_of_death,43,0.5615384615384615,21,0.49572649572649574,0.0,0.0
hassurname,clarke,has_deathdate,?,43,0.5615384615384615,0,0.0,0.0,0.0
hassurname,clarke,garrard,"clarke,?) (note: the death date is not mentioned in the text)",35,0.5761904761904763,18,0.6994535519125683,0.0,0.2011946755849157
hassurname,clarke,status record,module:,35,0.5760683760683761,31,0.4365079365079365,0.0,0.0
hassurname,clarke,has_person_status,enslaved person,44,0.6735294117647058,29,0.45555555555555555,0.0,0.0
hassurname,clarke,has_person_status,ex-slave,44,0.6735294117647058,43,0.625,0.0,0.0
hassurname,clarke,garrard,"clarke, 'enslaved person, ex-slave')",35,0.5761904761904763,29,0.8333333333333334,0.0,0.33517574332792605
hassurname,clarke,record,module:,25,0.4222222222222222,31,0.4365079365079365,0.0,0.0
hassurname,clarke,has_race_or_color,race_or_color,44,0.6509803921568628,32,0.5747863247863249,0.0,0.0
hassurname,clarke,has_race_or_color,african-american,44,0.6509803921568628,27,0.5555555555555555,0.0,0.0
hassurname,clarke,has_race_or_color,race_or_color,44,0.6509803921568628,32,0.5747863247863249,0.0,0.0
hassurname,clarke,has_race_or_color,african-american,44,0.6509803921568628,27,0.5555555555555555,0.0,0.0
hassurname,clarke,has_race_or_color,race_or_color,44,0.6509803921568628,32,0.5747863247863249,0.0,0.0
hassurname,clarke,has_race_or_color,african-american,44,0.6509803921568628,27,0.5555555555555555,0.0,0.0
hassurname,clarke,has_race_or_color,race_or_color,44,0.6509803921568628,32,0.5747863247863249,0.0,0.0
hassurname,clarke,has_race_or_color,african-american,44,0.6509803921568628,27,0.5555555555555555,0.0,0.0
hassurname,clarke,has_race_or_color,race_or_color,44,0.6509803921568628,32,0.5747863247863249,0.0,0.0
hassurname,clarke,has_race_or_color,african-american,44,0.6509803921568628,27,0.5555555555555555,0.0,0.0
hassurname,clarke,has_race_or_color,race_or_color,44,0.6509803921568628,32,0.5747863247863249,0.0,0.0
hassurname,clarke,has_race_or_color,african-american,44,0.6509803921568628,27,0.5555555555555555,0.0,0.0
hassurname,clarke,has_race_or_color,race_or_color,44,0.6509803921568628,32,0.5747863247863249,0.0,0.0
hassurname,clarke,has_race_or_color,african-american,44,0.6509803921568628,27,0.5555555555555555,0.0,0.0
hassurname,clarke,has_race_or_color,race_or_color,44,0.6509803921568628,32,0.5747863247863249,0.0,0.0
hassurname,clarke,has_race_or_color,african-american,44,0.6509803921568628,27,0.5555555555555555,0.0,0.0
hassurname,clarke,has_race_or_color,race_or_color,44,0.6509803921568628,32,0.5747863247863249,0.0,0.0
hassurname,clarke,has_race_or_color,african-american,44,0.6509803921568628,27,0.5555555555555555,0.0,0.0
hassurname,clarke,has_race_or_color,race_or_color,44,0.6509803921568628,32,0.5747863247863249,0.0,0.0
hassurname,clarke,has_race_or_color,african-american,44,0.6509803921568628,27,0.5555555555555555,0.0,0.0
hassurname,clarke,has_race_or_color,race_or_color,44,0.6509803921568628,32,0.5747863247863249,0.0,0.0
hassurname,clarke,has_race_or_color,african-american,44,0.6509803921568628,27,0.5555555555555555,0.0,0.0
hassurname,clarke,has_race_or_color,race_or_color,44,0.6509803921568628,32,0.5747863247863249,0.0,0.0
hassurname,clarke,has_race_or_color,african-american,44,0.6509803921568628,27,0.5555555555555555,0.0,0.0
hassurname,clarke,has_race_or_color,race_or_color,44,0.6509803921568628,32,0.5747863247863249,0.0,0.0
hassurname,clarke,has_race_or_color,african-american,44,0.6509803921568628,27,0.5555555555555555,0.0,0.0
hassurname,clarke,has_race_or_color,race_or_color,44,0.6509803921568628,32,0.5747863247863249,0.0,0.0
hassurname,clarke,has_race_or_color,african-american,44,0.6509803921568628,27,0.5555555555555555,0.0,0.0
hassurname,clarke,has_race_or_color,race_or_color,44,0.6509803921568628,32,0.5747863247863249,0.0,0.0
hassurname,clarke,has_race_or_color,african-american,44,0.6509803921568628,27,0.5555555555555555,0.0,0.0
hassurname,clarke,has_race_or_color,race_or_color,44,0.6509803921568628,32,0.5747863247863249,0.0,0.0
hassurname,clarke,has_race_or_color,african-american,44,0.6509803921568628,27,0.5555555555555555,0.0,0.0
hassurname,clarke,has_race_or_color,race_or_color,44,0.6509803921568628,32,0.5747863247863249,0.0,0.0
hassurname,clarke,has_race_or_color,african-american,44,0.6509803921568628,27,0.5555555555555555,0.0,0.0
hassurname,clarke,has_race_or_color,race_or_color,44,0.6509803921568628,32,0.5747863247863249,0.0,0.0
hassurname,clarke,has_race_or_color,african-american,44,0.6509803921568628,27,0.5555555555555555,0.0,0.0
hassurname,clarke,has_race_or_color,race_or_color,44,0.6509803921568628,32,0.5747863247863249,0.0,0.0
hassurname,clarke,has_race_or_color,african-american,44,0.6509803921568628,27,0.5555555555555555,0.0,0.0
hassurname,clarke,has_race_or_color,race_or_color,44,0.6509803921568628,32,0.5747863247863249,0.0,0.0
hassurname,clarke,has_race_or_color,african-american,44,0.6509803921568628,27,0.5555555555555555,0.0,0.0
hassurname,clarke,has_race_or_color,race_or_color,44,0.6509803921568628,32,0.5747863247863249,0.0,0.0
hassurname,clarke,has_race_or_color,african-american,44,0.6509803921568628,27,0.5555555555555555,0.0,0.0
hassurname,clarke,has_race_or_color,race_or_color,44,0.6509803921568628,32,0.5747863247863249,0.0,0.0
hassurname,clarke,has_race_or_color,african-american,44,0.6509803921568628,27,0.5555555555555555,0.0,0.0
hassurname,clarke,has_race_or_color,race_or_color,44,0.6509803921568628,32,0.5747863247863249,0.0,0.0
hassurname,clarke,has_race_or_color,african-american,44,0.6509803921568628,27,0.5555555555555555,0.0,0.0
hassurname,clarke,has_race_or_color,race_orcolor,44,0.6509803921568628,33,0.5833333333333334,0.0,0.0
hassurname,clarke,has_race_or_color,african-american,44,0.6509803921568628,27,0.5555555555555555,0.0,0.0
hassurname,clarke,has_race_or_color,race_orcolor,44,0.6509803921568628,33,0.5833333333333334,0.0,0.0
hassurname,clarke,has_race_orcolor,african-american,46,0.6583333333333333,27,0.5555555555555555,0.0,0.0
hassurname,clarke,has_race_orcolor,race_orcolor,46,0.6583333333333333,33,0.5833333333333334,0.0,0.0
hassurname,clarke,has_race_orcolor,african-american,46,0.6583333333333333,27,0.5555555555555555,0.0,0.0
hassurname,clarke,has_race_orcolor,race_orcolor,46,0.6583333333333333,33,0.5833333333333334,0.0,0.0
hassurname,clarke,has_race_orcolor,african-american,46,0.6583333333333333,27,0.5555555555555555,0.0,0.0
hassurname,clarke,has_race_orcolor,race_orcolor,46,0.6583333333333333,33,0.5833333333333334,0.0,0.0
hassurname,clarke,has_race_orcolor,african-american,46,0.6583333333333333,27,0.5555555555555555,0.0,0.0
hassurname,clarke,has_race_orcolor,race_orcolor,46,0.6583333333333333,33,0.5833333333333334,0.0,0.0
hassurname,clarke,has_race_orcolor,african-american,46,0.6583333333333333,27,0.5555555555555555,0.0,0.0
hassurname,clarke,has_race_orcolor,race_orcolor,46,0.6583333333333333,33,0.5833333333333334,0.0,0.0
hassurname,clarke,has_race_orcolor,african-american,46,0.6583333333333333,27,0.5555555555555555,0.0,0.0
hassurname,clarke,has_race_orcolor,race_orcolor,46,0.6583333333333333,33,0.5833333333333334,0.0,0.0
hassurname,clarke,has_race_orcolor,african-american,46,0.6583333333333333,27,0.5555555555555555,0.0,0.0
hassurname,clarke,has_race_orcolor,race_orcolor,46,0.6583333333333333,33,0.5833333333333334,0.0,0.0
hassurname,clarke,has_race_orcolor,african-american,46,0.6583333333333333,27,0.5555555555555555,0.0,0.0
hassurname,clarke,has_race_orcolor,race_orcolor,46,0.6583333333333333,33,0.5833333333333334,0.0,0.0
hassurname,clarke,has_race_orcolor,african-american,46,0.6583333333333333,27,0.5555555555555555,0.0,0.0
hassurname,clarke,has_race_orcolor,race_orcolor,46,0.6583333333333333,33,0.5833333333333334,0.0,0.0
hassurname,clarke,has_race_orcolor,african-american,46,0.6583333333333333,27,0.5555555555555555,0.0,0.0
hassurname,clarke,has_race_orcolor,race_orcolor,46,0.6583333333333333,33,0.5833333333333334,0.0,0.0
hassurname,clarke,has_race_orcolor,african-american,46,0.6583333333333333,27,0.5555555555555555,0.0,0.0
hassurname,clarke,has_race_orcolor,race_orcolor,46,0.6583333333333333,33,0.5833333333333334,0.0,0.0
hassurname,clarke,has_race_orcolor,african-american,46,0.6583333333333333,27,0.5555555555555555,0.0,0.0
hassurname,clarke,has_race_orcolor,race_orcolor,46,0.6583333333333333,33,0.5833333333333334,0.0,0.0
hassurname,clarke,has_race_orcolor,african-american,46,0.6583333333333333,27,0.5555555555555555,0.0,0.0
hassurname,clarke,has_race_orcolor,race_orcolor,46,0.6583333333333333,33,0.5833333333333334,0.0,0.0
hassurname,clarke,has_race_orcolor,african-american,46,0.6583333333333333,27,0.5555555555555555,0.0,0.0
hassurname,clarke,has_race_orcolor,race_orcolor,46,0.6583333333333333,33,0.5833333333333334,0.0,0.0
hassurname,clarke,has_race_orcolor,african-american,46,0.6583333333333333,27,0.5555555555555555,0.0,0.0
hassurname,clarke,has_race_orcolor,race_orcolor,46,0.6583333333333333,33,0.5833333333333334,0.0,0.0
hassurname,clarke,has_race_orcolor,african-american,46,0.6583333333333333,27,0.5555555555555555,0.0,0.0
hassurname,clarke,has_race_orcolor,race_orcolor,46,0.6583333333333333,33,0.5833333333333334,0.0,0.0
hassurname,clarke,has_race_orcolor,african-american,46,0.6583333333333333,27,0.5555555555555555,0.0,0.0
hassurname,clarke,has_race_orcolor,race_orcolor,46,0.6583333333333333,33,0.5833333333333334,0.0,0.0
hassurname,clarke,has_race_orcolor,african-american,46,0.6583333333333333,27,0.5555555555555555,0.0,0.0
hassurname,clarke,has_race_orcolor,race_orcolor,46,0.6583333333333333,33,0.5833333333333334,0.0,0.0
hassurname,clarke,has_race_orcolor,african-american,46,0.6583333333333333,27,0.5555555555555555,0.0,0.0
hassurname,clarke,has_race_orcolor,race_orcolor,46,0.6583333333333333,33,0.5833333333333334,0.0,0.0
hassurname,clarke,has_race_orcolor,african-american,46,0.6583333333333333,27,0.5555555555555555,0.0,0.0
hassurname,clarke,has_race_orcolor,race_orcolor,46,0.6583333333333333,33,0.5833333333333334,0.0,0.0
hassurname,clarke,has_race_orcolor,african-american,46,0.6583333333333333,27,0.5555555555555555,0.0,0.0
hassurname,clarke,has_race_orcolor,race_orcolor,46,0.6583333333333333,33,0.5833333333333334,0.0,0.0
hassurname,clarke,has_race_orcolor,african-american,46,0.6583333333333333,27,0.5555555555555555,0.0,0.0
hassurname,clarke,has_race_orcolor,race_orcolor,46,0.6583333333333333,33,0.5833333333333334,0.0,0.0
hassurname,clarke,has_race_orcolor,african-american,46,0.6583333333333333,27,0.5555555555555555,0.0,0.0
hassurname,clarke,has_race_orcolor,race_orcolor,46,0.6583333333333333,33,0.5833333333333334,0.0,0.0
hassurname,clarke,has_race_orcolor,african-american,46,0.6583333333333333,27,0.5555555555555555,0.0,0.0
hassurname,clarke,has_race_orcolor,race_orcolor,46,0.6583333333333333,33,0.5833333333333334,0.0,0.0
hassurname,clarke,has_race_orcolor,african-american,46,0.6583333333333333,27,0.5555555555555555,0.0,0.0
hassurname,clarke,has_race_orcolor,race_orcolor,46,0.6583333333333333,33,0.5833333333333334,0.0,0.0
hassurname,clarke,has_race_orcolor,african-american,46,0.6583333333333333,27,0.5555555555555555,0.0,0.0
hassurname,clarke,has_race_orcolor,race_orcolor,46,0.6583333333333333,33,0.5833333333333334,0.0,0.0
hassurname,clarke,has_race_orcolor,african-american,46,0.6583333333333333,27,0.5555555555555555,0.0,0.0
hassurname,clarke,has_race_orcolor,race_orcolor,46,0.6583333333333333,33,0.5833333333333334,0.0,0.0
hassurname,clarke,has_race_orcolor,african-american,46,0.6583333333333333,27,0.5555555555555555,0.0,0.0
hassurname,clarke,has_race_orcolor,race_orcolor,46,0.6583333333333333,33,0.5833333333333334,0.0,0.0
hassurname,clarke,has_race_orcolor,african-american,46,0.6583333333333333,27,0.5555555555555555,0.0,0.0
hassurname,clarke,has_race_orcolor,race_orcolor,46,0.6583333333333333,33,0.5833333333333334,0.0,0.0
hassurname,clarke,has_race_orcolor,african-american,46,0.6583333333333333,27,0.5555555555555555,0.0,0.0
hassurname,clarke,has_race_orcolor,race_orcolor,46,0.6583333333333333,33,0.5833333333333334,0.0,0.0
hassurname,clarke,has_race_orcolor,african-american,46,0.6583333333333333,27,0.5555555555555555,0.0,0.0
hassurname,clarke,has_race_orcolor,race_orcolor,46,0.6583333333333333,33,0.5833333333333334,0.0,0.0
hassurname,clarke,has_race_orcolor,african-american,46,0.6583333333333333,27,0.5555555555555555,0.0,0.0
hassurname,clarke,has_race_orcolor,race_orcolor,46,0.6583333333333333,33,0.5833333333333334,0.0,0.0
hassurname,clarke,has_race_orcolor,african-american,46,0.6583333333333333,27,0.5555555555555555,0.0,0.0
hassurname,clarke,has_race_orcolor,race_orcolor,46,0.6583333333333333,33,0.5833333333333334,0.0,0.0
hassurname,clarke,garrard,"clarke, african-american) 2. has_race_or_color(agent, race_or_color): has_race_or_color(lewis garrard clarke, african-american) 3. has_race_or_color(agent, race_or_color): has_race_or_color(lewis garrard clarke, african-american) 4. has_race_or_color(agent, race_or_color): has_race_or_color(lewis garrard clarke, african-american) 5. has_race_or_color(agent, race_or_color): has_race_or_color(lewis garrard clarke, african-american) 6. has_race_or_color(agent, race_or_color): has_race_or_color(lewis garrard clarke, african-american) 7. has_race_or_color(agent, race_or_color): has_race_or_color(lewis garrard clarke, african-american) 8. has_race_or_color(agent, race_or_color): has_race_or_color(lewis garrard clarke, african-american) 9. has_race_or_color(agent, race_or_color): has_race_or_color(lewis garrard clarke, african-american) 10. has_race_or_color(agent, race_or_color): has_race_or_color(lewis garrard clarke, african-american) 11. has_race_or_color(agent, race_or_color): has_race_or_color(lewis garrard clarke, african-american) 12. has_race_or_color(agent, race_or_color): has_race_or_color(lewis garrard clarke, african-american) 13. has_race_or_color(agent, race_or_color): has_race_or_color(lewis garrard clarke, african-american) 14. has_race_or_color(agent, race_or_color): has_race_or_color(lewis garrard clarke, african-american) 15. has_race_or_color(agent, race_or_color): has_race_or_color(lewis garrard clarke, african-american) 16. has_race_or_color(agent, race_or_color): has_race_or_color(lewis garrard clarke, african-american) 17. has_race_or_color(agent, race_or_color): has_race_or_color(lewis garrard clarke, african-american) 18. has_race_or_color(agent, race_or_color): has_race_or_color(lewis garrard clarke, african-american) 19. has_race_or_color(agent, race_or_color): has_race_or_color(lewis garrard clarke, african-american) 20. has_race_or_color(agent, race_or_color): has_race_or_color(lewis garrard clarke, african-american) 21. has_race_or_color(agent, race_or_color): has_race_or_color(lewis garrard clarke, african-american) 22. has_race_or_color(agent, race_or_color): has_race_or_color(lewis garrard clarke, african-american) 23. has_race_or_color(agent, race_or_color): has_race_or_color(lewis garrard clarke, african-american) 24. has_race_or_color(agent, race_orcolor): has_race_or_color(lewis garrard clarke, african-american) 25. has_race_or_color(agent, race_orcolor): has_race_orcolor(lewis garrard clarke, african-american) 26. has_race_orcolor(agent, race_orcolor): has_race_orcolor(lewis garrard clarke, african-american) 27. has_race_orcolor(agent, race_orcolor): has_race_orcolor(lewis garrard clarke, african-american) 28. has_race_orcolor(agent, race_orcolor): has_race_orcolor(lewis garrard clarke, african-american) 29. has_race_orcolor(agent, race_orcolor): has_race_orcolor(lewis garrard clarke, african-american) 30. has_race_orcolor(agent, race_orcolor): has_race_orcolor(lewis garrard clarke, african-american) 31. has_race_orcolor(agent, race_orcolor): has_race_orcolor(lewis garrard clarke, african-american) 32. has_race_orcolor(agent, race_orcolor): has_race_orcolor(lewis garrard clarke, african-american) 33. has_race_orcolor(agent, race_orcolor): has_race_orcolor(lewis garrard clarke, african-american) 34. has_race_orcolor(agent, race_orcolor): has_race_orcolor(lewis garrard clarke, african-american) 35. has_race_orcolor(agent, race_orcolor): has_race_orcolor(lewis garrard clarke, african-american) 36. has_race_orcolor(agent, race_orcolor): has_race_orcolor(lewis garrard clarke, african-american) 37. has_race_orcolor(agent, race_orcolor): has_race_orcolor(lewis garrard clarke, african-american) 38. has_race_orcolor(agent, race_orcolor): has_race_orcolor(lewis garrard clarke, african-american) 39. has_race_orcolor(agent, race_orcolor): has_race_orcolor(lewis garrard clarke, african-american) 40. has_race_orcolor(agent, race_orcolor): has_race_orcolor(lewis garrard clarke, african-american) 41. has_race_orcolor(agent, race_orcolor): has_race_orcolor(lewis garrard clarke, african-american) 42. has_race_orcolor(agent, race_orcolor): has_race_orcolor(lewis garrard clarke, african-american) 43. has_race_orcolor(agent, race_orcolor): has_race_orcolor(lewis garrard clarke, african-american) 44. has_race_orcolor(agent, race_orcolor): has_race_orcolor(lewis garrard clarke, african-american) 45. has_race_orcolor(agent, race_orcolor): has_race_orcolor(lewis garrard clarke, african-american) 46. has_race_orcolor(agent, race_orcolor): has_race_orcolor(lewis garrard clarke, african-american) 47. has_race_orcolor(agent, race_orcolor): has_race_orcolor(lewis garrard clarke, african-american) 48. has_race_orcolor(agent, race_orcolor): has_race_orcolor(lewis garrard clarke, african-american) 49. has_race_orcolor(agent, race_orcolor): has_race_orcolor(lewis garrard clarke, african-american) 50. has_race_orcolor(agent, race_orcolor): has_race_orcolor(lewis garrard clarke, african-american) 51. has_race_orcolor(agent, race_orcolor): has_race_orcolor(lewis garrard clarke, african-american) 52. has_race_orcolor(agent, race_orcolor): has_race_orcolor(lewis garrard clarke, african-american) 53. has_race_orcolor(agent, race_orcolor): has_race_orcolor(lewis garrard clarke, african-american) 54. has_race_orcolor(agent, race_orcolor): has_race_orcolor(lewis garrard clarke, african-american) 55. has_race_orcolor(agent, race_orcolor): has_race_orcolor(lewis garrard clarke, african-american) 56. has_race_orcolor(agent, race_orcolor): has_race_orcolor(lewis garrard clarke, african-american) 57. has_race_orcolor(agent, race_orcolor): has_race_orcolor(lewis garrard clarke, african-american) 58. has_race_orcolor(agent, race_orcolor): has_race_or",35,0.5761904761904763,0,0.6670150380305406,0.0,0.2515765406048536
hasname,lewis g. clarke,on the,"text, the following ontology relations can be populated:",31,0.5396825396825397,28,0.49173881673881664,0.0,0.0
hasname,lewis g. clarke,record,module:,15,0.0,18,0.47301587301587295,0.0,0.0
hasname,lewis g. clarke,has_name,name,93,0.9708333333333333,21,0.4388888888888889,0.0,0.0
hasname,lewis g. clarke,has_name,lewis garrard clarke,93,0.9708333333333333,80,0.8980952380952382,0.0,0.7092972666062739
hasname,lewis g. clarke,garrard,"clarke, 'lewis garrard clarke')",29,0.5238095238095238,61,0.62831541218638,0.0,0.8032002037467096
hasname,lewis g. clarke,has_surname,surname,78,0.9151515151515152,27,0.3063492063492063,0.0,0.0
hasname,lewis g. clarke,has_surname,clarke,78,0.9151515151515152,57,0.48888888888888893,0.0,0.5797386715376658
hasname,lewis g. clarke,garrard,"clarke, 'clarke')",29,0.5238095238095238,56,0.7098039215686275,0.0,0.5797386715376658
hasname,lewis g. clarke,has_first_name,first_name,67,0.5476190476190476,32,0.5555555555555556,0.0,0.0
hasname,lewis g. clarke,has_first_name,lewis,67,0.5476190476190476,50,0.8666666666666666,0.0,0.5797386715376658
hasname,lewis g. clarke,garrard,"clarke, 'lewis')",29,0.5238095238095238,39,0.548611111111111,0.0,1.0000000000000002
hasname,lewis g. clarke,relationship record,module:,23,0.5106516290726817,18,0.47301587301587295,0.0,0.0
hasname,lewis g. clarke,has_interagent_relationship_type_to,relationship_type,29,0.6206349206349207,25,0.4758169934640523,0.0,0.0
hasname,lewis g. clarke,has_interagent_relationship_type_to,enslaver,29,0.6206349206349207,43,0.5055555555555555,0.0,0.0
hasname,lewis g. clarke,garrard,"clarke, 'enslaver')",29,0.5238095238095238,35,0.5264619883040935,0.0,0.33609692727625756
hasname,lewis g. clarke,is_relationship_to,agent,16,0.43121693121693117,20,0.3444444444444444,0.0,0.0
hasname,lewis g. clarke,is_relationship_to,samuel campbell,16,0.43121693121693117,33,0.6055555555555555,0.0,0.0
hasname,lewis g. clarke,garrard,"clarke, 'samuel campbell')",29,0.5238095238095238,34,0.5672882672882672,0.0,0.2605556710562624
hasname,lewis g. clarke,record,module:,15,0.0,18,0.47301587301587295,0.0,0.0
hasname,lewis g. clarke,has_sex,sex_type,57,0.8,17,0.29444444444444445,0.0,0.0
hasname,lewis g. clarke,has_sex,male,57,0.8,21,0.5444444444444444,0.0,0.0
hasname,lewis g. clarke,garrard,"clarke, 'male')",29,0.5238095238095238,40,0.5444444444444444,0.0,0.33609692727625756
hasname,lewis g. clarke,record,module:,15,0.0,18,0.47301587301587295,0.0,0.0
hasname,lewis g. clarke,has_occupation,occupation,38,0.6190476190476191,16,0.2777777777777778,0.0,0.0
hasname,lewis g. clarke,has_occupation,slave,38,0.6190476190476191,40,0.48888888888888893,0.0,0.0
hasname,lewis g. clarke,has_occupation,educator,38,0.6190476190476191,35,0.525,0.0,0.0
hasname,lewis g. clarke,has_occupation,lawyer,38,0.6190476190476191,29,0.45555555555555555,0.0,0.0
hasname,lewis g. clarke,has_occupation,and autobiographer,38,0.6190476190476191,24,0.4666666666666666,0.0,0.0
hasname,lewis g. clarke,garrard,"clarke, 'slave, educator, lawyer, and autobiographer')",29,0.5238095238095238,26,0.5074074074074074,0.0,0.1757860783933462
hasname,lewis g. clarke,record,module:,15,0.0,18,0.47301587301587295,0.0,0.0
hasname,lewis g. clarke,has_age,age,71,0.8666666666666668,22,0.4333333333333333,0.0,0.0
hasname,lewis g. clarke,has_age,?,71,0.8666666666666668,0,0.0,0.0,0.0
hasname,lewis g. clarke,garrard,"clarke,?) (note: the age is not mentioned in the text)",29,0.5238095238095238,20,0.5351851851851852,0.0,0.1216033147861901
hasname,lewis g. clarke,has_birthdate,date_of_birth,50,0.553113553113553,21,0.47692307692307695,0.0,0.0
hasname,lewis g. clarke,has_birthdate,?,50,0.553113553113553,0,0.0,0.0,0.0
hasname,lewis g. clarke,garrard,"clarke,?) (note: the birth date is not mentioned in the text)",29,0.5238095238095238,18,0.4863719158801126,0.0,0.11664033394405066
hasname,lewis g. clarke,has_deathdate,date_of_death,50,0.632967032967033,14,0.36581196581196584,0.0,0.0
hasname,lewis g. clarke,has_deathdate,?,50,0.632967032967033,0,0.0,0.0,0.0
hasname,lewis g. clarke,garrard,"clarke,?) (note: the death date is not mentioned in the text)",29,0.5238095238095238,18,0.4863719158801126,0.0,0.11664033394405066
hasname,lewis g. clarke,status record,module:,30,0.442002442002442,18,0.47301587301587295,0.0,0.0
hasname,lewis g. clarke,has_person_status,enslaved person,42,0.6028011204481792,33,0.48888888888888893,0.0,0.0
hasname,lewis g. clarke,has_person_status,ex-slave,42,0.6028011204481792,43,0.5055555555555555,0.0,0.0
hasname,lewis g. clarke,garrard,"clarke, 'enslaved person, ex-slave')",29,0.5238095238095238,31,0.5281144781144781,0.0,0.19431434016858148
hasname,lewis g. clarke,record,module:,15,0.0,18,0.47301587301587295,0.0,0.0
hasname,lewis g. clarke,has_race_or_color,race_or_color,42,0.6694677871148459,29,0.44145299145299144,0.0,0.0
hasname,lewis g. clarke,has_race_or_color,african-american,42,0.6694677871148459,26,0.48194444444444445,0.0,0.0
hasname,lewis g. clarke,has_race_or_color,race_or_color,42,0.6694677871148459,29,0.44145299145299144,0.0,0.0
hasname,lewis g. clarke,has_race_or_color,african-american,42,0.6694677871148459,26,0.48194444444444445,0.0,0.0
hasname,lewis g. clarke,has_race_or_color,race_or_color,42,0.6694677871148459,29,0.44145299145299144,0.0,0.0
hasname,lewis g. clarke,has_race_or_color,african-american,42,0.6694677871148459,26,0.48194444444444445,0.0,0.0
hasname,lewis g. clarke,has_race_or_color,race_or_color,42,0.6694677871148459,29,0.44145299145299144,0.0,0.0
hasname,lewis g. clarke,has_race_or_color,african-american,42,0.6694677871148459,26,0.48194444444444445,0.0,0.0
hasname,lewis g. clarke,has_race_or_color,race_or_color,42,0.6694677871148459,29,0.44145299145299144,0.0,0.0
hasname,lewis g. clarke,has_race_or_color,african-american,42,0.6694677871148459,26,0.48194444444444445,0.0,0.0
hasname,lewis g. clarke,has_race_or_color,race_or_color,42,0.6694677871148459,29,0.44145299145299144,0.0,0.0
hasname,lewis g. clarke,has_race_or_color,african-american,42,0.6694677871148459,26,0.48194444444444445,0.0,0.0
hasname,lewis g. clarke,has_race_or_color,race_or_color,42,0.6694677871148459,29,0.44145299145299144,0.0,0.0
hasname,lewis g. clarke,has_race_or_color,african-american,42,0.6694677871148459,26,0.48194444444444445,0.0,0.0
hasname,lewis g. clarke,has_race_or_color,race_or_color,42,0.6694677871148459,29,0.44145299145299144,0.0,0.0
hasname,lewis g. clarke,has_race_or_color,african-american,42,0.6694677871148459,26,0.48194444444444445,0.0,0.0
hasname,lewis g. clarke,has_race_or_color,race_or_color,42,0.6694677871148459,29,0.44145299145299144,0.0,0.0
hasname,lewis g. clarke,has_race_or_color,african-american,42,0.6694677871148459,26,0.48194444444444445,0.0,0.0
hasname,lewis g. clarke,has_race_or_color,race_or_color,42,0.6694677871148459,29,0.44145299145299144,0.0,0.0
hasname,lewis g. clarke,has_race_or_color,african-american,42,0.6694677871148459,26,0.48194444444444445,0.0,0.0
hasname,lewis g. clarke,has_race_or_color,race_or_color,42,0.6694677871148459,29,0.44145299145299144,0.0,0.0
hasname,lewis g. clarke,has_race_or_color,african-american,42,0.6694677871148459,26,0.48194444444444445,0.0,0.0
hasname,lewis g. clarke,has_race_or_color,race_or_color,42,0.6694677871148459,29,0.44145299145299144,0.0,0.0
hasname,lewis g. clarke,has_race_or_color,african-american,42,0.6694677871148459,26,0.48194444444444445,0.0,0.0
hasname,lewis g. clarke,has_race_or_color,race_or_color,42,0.6694677871148459,29,0.44145299145299144,0.0,0.0
hasname,lewis g. clarke,has_race_or_color,african-american,42,0.6694677871148459,26,0.48194444444444445,0.0,0.0
hasname,lewis g. clarke,has_race_or_color,race_or_color,42,0.6694677871148459,29,0.44145299145299144,0.0,0.0
hasname,lewis g. clarke,has_race_or_color,african-american,42,0.6694677871148459,26,0.48194444444444445,0.0,0.0
hasname,lewis g. clarke,has_race_or_color,race_or_color,42,0.6694677871148459,29,0.44145299145299144,0.0,0.0
hasname,lewis g. clarke,has_race_or_color,african-american,42,0.6694677871148459,26,0.48194444444444445,0.0,0.0
hasname,lewis g. clarke,has_race_or_color,race_or_color,42,0.6694677871148459,29,0.44145299145299144,0.0,0.0
hasname,lewis g. clarke,has_race_or_color,african-american,42,0.6694677871148459,26,0.48194444444444445,0.0,0.0
hasname,lewis g. clarke,has_race_or_color,race_or_color,42,0.6694677871148459,29,0.44145299145299144,0.0,0.0
hasname,lewis g. clarke,has_race_or_color,african-american,42,0.6694677871148459,26,0.48194444444444445,0.0,0.0
hasname,lewis g. clarke,has_race_or_color,race_or_color,42,0.6694677871148459,29,0.44145299145299144,0.0,0.0
hasname,lewis g. clarke,has_race_or_color,african-american,42,0.6694677871148459,26,0.48194444444444445,0.0,0.0
hasname,lewis g. clarke,has_race_or_color,race_or_color,42,0.6694677871148459,29,0.44145299145299144,0.0,0.0
hasname,lewis g. clarke,has_race_or_color,african-american,42,0.6694677871148459,26,0.48194444444444445,0.0,0.0
hasname,lewis g. clarke,has_race_or_color,race_or_color,42,0.6694677871148459,29,0.44145299145299144,0.0,0.0
hasname,lewis g. clarke,has_race_or_color,african-american,42,0.6694677871148459,26,0.48194444444444445,0.0,0.0
hasname,lewis g. clarke,has_race_or_color,race_or_color,42,0.6694677871148459,29,0.44145299145299144,0.0,0.0
hasname,lewis g. clarke,has_race_or_color,african-american,42,0.6694677871148459,26,0.48194444444444445,0.0,0.0
hasname,lewis g. clarke,has_race_or_color,race_or_color,42,0.6694677871148459,29,0.44145299145299144,0.0,0.0
hasname,lewis g. clarke,has_race_or_color,african-american,42,0.6694677871148459,26,0.48194444444444445,0.0,0.0
hasname,lewis g. clarke,has_race_or_color,race_or_color,42,0.6694677871148459,29,0.44145299145299144,0.0,0.0
hasname,lewis g. clarke,has_race_or_color,african-american,42,0.6694677871148459,26,0.48194444444444445,0.0,0.0
hasname,lewis g. clarke,has_race_or_color,race_orcolor,42,0.6694677871148459,30,0.45,0.0,0.0
hasname,lewis g. clarke,has_race_or_color,african-american,42,0.6694677871148459,26,0.48194444444444445,0.0,0.0
hasname,lewis g. clarke,has_race_or_color,race_orcolor,42,0.6694677871148459,30,0.45,0.0,0.0
hasname,lewis g. clarke,has_race_orcolor,african-american,43,0.6755952380952381,26,0.48194444444444445,0.0,0.0
hasname,lewis g. clarke,has_race_orcolor,race_orcolor,43,0.6755952380952381,30,0.45,0.0,0.0
hasname,lewis g. clarke,has_race_orcolor,african-american,43,0.6755952380952381,26,0.48194444444444445,0.0,0.0
hasname,lewis g. clarke,has_race_orcolor,race_orcolor,43,0.6755952380952381,30,0.45,0.0,0.0
hasname,lewis g. clarke,has_race_orcolor,african-american,43,0.6755952380952381,26,0.48194444444444445,0.0,0.0
hasname,lewis g. clarke,has_race_orcolor,race_orcolor,43,0.6755952380952381,30,0.45,0.0,0.0
hasname,lewis g. clarke,has_race_orcolor,african-american,43,0.6755952380952381,26,0.48194444444444445,0.0,0.0
hasname,lewis g. clarke,has_race_orcolor,race_orcolor,43,0.6755952380952381,30,0.45,0.0,0.0
hasname,lewis g. clarke,has_race_orcolor,african-american,43,0.6755952380952381,26,0.48194444444444445,0.0,0.0
hasname,lewis g. clarke,has_race_orcolor,race_orcolor,43,0.6755952380952381,30,0.45,0.0,0.0
hasname,lewis g. clarke,has_race_orcolor,african-american,43,0.6755952380952381,26,0.48194444444444445,0.0,0.0
hasname,lewis g. clarke,has_race_orcolor,race_orcolor,43,0.6755952380952381,30,0.45,0.0,0.0
hasname,lewis g. clarke,has_race_orcolor,african-american,43,0.6755952380952381,26,0.48194444444444445,0.0,0.0
hasname,lewis g. clarke,has_race_orcolor,race_orcolor,43,0.6755952380952381,30,0.45,0.0,0.0
hasname,lewis g. clarke,has_race_orcolor,african-american,43,0.6755952380952381,26,0.48194444444444445,0.0,0.0
hasname,lewis g. clarke,has_race_orcolor,race_orcolor,43,0.6755952380952381,30,0.45,0.0,0.0
hasname,lewis g. clarke,has_race_orcolor,african-american,43,0.6755952380952381,26,0.48194444444444445,0.0,0.0
hasname,lewis g. clarke,has_race_orcolor,race_orcolor,43,0.6755952380952381,30,0.45,0.0,0.0
hasname,lewis g. clarke,has_race_orcolor,african-american,43,0.6755952380952381,26,0.48194444444444445,0.0,0.0
hasname,lewis g. clarke,has_race_orcolor,race_orcolor,43,0.6755952380952381,30,0.45,0.0,0.0
hasname,lewis g. clarke,has_race_orcolor,african-american,43,0.6755952380952381,26,0.48194444444444445,0.0,0.0
hasname,lewis g. clarke,has_race_orcolor,race_orcolor,43,0.6755952380952381,30,0.45,0.0,0.0
hasname,lewis g. clarke,has_race_orcolor,african-american,43,0.6755952380952381,26,0.48194444444444445,0.0,0.0
hasname,lewis g. clarke,has_race_orcolor,race_orcolor,43,0.6755952380952381,30,0.45,0.0,0.0
hasname,lewis g. clarke,has_race_orcolor,african-american,43,0.6755952380952381,26,0.48194444444444445,0.0,0.0
hasname,lewis g. clarke,has_race_orcolor,race_orcolor,43,0.6755952380952381,30,0.45,0.0,0.0
hasname,lewis g. clarke,has_race_orcolor,african-american,43,0.6755952380952381,26,0.48194444444444445,0.0,0.0
hasname,lewis g. clarke,has_race_orcolor,race_orcolor,43,0.6755952380952381,30,0.45,0.0,0.0
hasname,lewis g. clarke,has_race_orcolor,african-american,43,0.6755952380952381,26,0.48194444444444445,0.0,0.0
hasname,lewis g. clarke,has_race_orcolor,race_orcolor,43,0.6755952380952381,30,0.45,0.0,0.0
hasname,lewis g. clarke,has_race_orcolor,african-american,43,0.6755952380952381,26,0.48194444444444445,0.0,0.0
hasname,lewis g. clarke,has_race_orcolor,race_orcolor,43,0.6755952380952381,30,0.45,0.0,0.0
hasname,lewis g. clarke,has_race_orcolor,african-american,43,0.6755952380952381,26,0.48194444444444445,0.0,0.0
hasname,lewis g. clarke,has_race_orcolor,race_orcolor,43,0.6755952380952381,30,0.45,0.0,0.0
hasname,lewis g. clarke,has_race_orcolor,african-american,43,0.6755952380952381,26,0.48194444444444445,0.0,0.0
hasname,lewis g. clarke,has_race_orcolor,race_orcolor,43,0.6755952380952381,30,0.45,0.0,0.0
hasname,lewis g. clarke,has_race_orcolor,african-american,43,0.6755952380952381,26,0.48194444444444445,0.0,0.0
hasname,lewis g. clarke,has_race_orcolor,race_orcolor,43,0.6755952380952381,30,0.45,0.0,0.0
hasname,lewis g. clarke,has_race_orcolor,african-american,43,0.6755952380952381,26,0.48194444444444445,0.0,0.0
hasname,lewis g. clarke,has_race_orcolor,race_orcolor,43,0.6755952380952381,30,0.45,0.0,0.0
hasname,lewis g. clarke,has_race_orcolor,african-american,43,0.6755952380952381,26,0.48194444444444445,0.0,0.0
hasname,lewis g. clarke,has_race_orcolor,race_orcolor,43,0.6755952380952381,30,0.45,0.0,0.0
hasname,lewis g. clarke,has_race_orcolor,african-american,43,0.6755952380952381,26,0.48194444444444445,0.0,0.0
hasname,lewis g. clarke,has_race_orcolor,race_orcolor,43,0.6755952380952381,30,0.45,0.0,0.0
hasname,lewis g. clarke,has_race_orcolor,african-american,43,0.6755952380952381,26,0.48194444444444445,0.0,0.0
hasname,lewis g. clarke,has_race_orcolor,race_orcolor,43,0.6755952380952381,30,0.45,0.0,0.0
hasname,lewis g. clarke,has_race_orcolor,african-american,43,0.6755952380952381,26,0.48194444444444445,0.0,0.0
hasname,lewis g. clarke,has_race_orcolor,race_orcolor,43,0.6755952380952381,30,0.45,0.0,0.0
hasname,lewis g. clarke,has_race_orcolor,african-american,43,0.6755952380952381,26,0.48194444444444445,0.0,0.0
hasname,lewis g. clarke,has_race_orcolor,race_orcolor,43,0.6755952380952381,30,0.45,0.0,0.0
hasname,lewis g. clarke,has_race_orcolor,african-american,43,0.6755952380952381,26,0.48194444444444445,0.0,0.0
hasname,lewis g. clarke,has_race_orcolor,race_orcolor,43,0.6755952380952381,30,0.45,0.0,0.0
hasname,lewis g. clarke,has_race_orcolor,african-american,43,0.6755952380952381,26,0.48194444444444445,0.0,0.0
hasname,lewis g. clarke,has_race_orcolor,race_orcolor,43,0.6755952380952381,30,0.45,0.0,0.0
hasname,lewis g. clarke,has_race_orcolor,african-american,43,0.6755952380952381,26,0.48194444444444445,0.0,0.0
hasname,lewis g. clarke,has_race_orcolor,race_orcolor,43,0.6755952380952381,30,0.45,0.0,0.0
hasname,lewis g. clarke,has_race_orcolor,african-american,43,0.6755952380952381,26,0.48194444444444445,0.0,0.0
hasname,lewis g. clarke,has_race_orcolor,race_orcolor,43,0.6755952380952381,30,0.45,0.0,0.0
hasname,lewis g. clarke,has_race_orcolor,african-american,43,0.6755952380952381,26,0.48194444444444445,0.0,0.0
hasname,lewis g. clarke,has_race_orcolor,race_orcolor,43,0.6755952380952381,30,0.45,0.0,0.0
hasname,lewis g. clarke,has_race_orcolor,african-american,43,0.6755952380952381,26,0.48194444444444445,0.0,0.0
hasname,lewis g. clarke,has_race_orcolor,race_orcolor,43,0.6755952380952381,30,0.45,0.0,0.0
hasname,lewis g. clarke,has_race_orcolor,african-american,43,0.6755952380952381,26,0.48194444444444445,0.0,0.0
hasname,lewis g. clarke,has_race_orcolor,race_orcolor,43,0.6755952380952381,30,0.45,0.0,0.0
hasname,lewis g. clarke,has_race_orcolor,african-american,43,0.6755952380952381,26,0.48194444444444445,0.0,0.0
hasname,lewis g. clarke,has_race_orcolor,race_orcolor,43,0.6755952380952381,30,0.45,0.0,0.0
hasname,lewis g. clarke,garrard,"clarke, african-american) 2. has_race_or_color(agent, race_or_color): has_race_or_color(lewis garrard clarke, african-american) 3. has_race_or_color(agent, race_or_color): has_race_or_color(lewis garrard clarke, african-american) 4. has_race_or_color(agent, race_or_color): has_race_or_color(lewis garrard clarke, african-american) 5. has_race_or_color(agent, race_or_color): has_race_or_color(lewis garrard clarke, african-american) 6. has_race_or_color(agent, race_or_color): has_race_or_color(lewis garrard clarke, african-american) 7. has_race_or_color(agent, race_or_color): has_race_or_color(lewis garrard clarke, african-american) 8. has_race_or_color(agent, race_or_color): has_race_or_color(lewis garrard clarke, african-american) 9. has_race_or_color(agent, race_or_color): has_race_or_color(lewis garrard clarke, african-american) 10. has_race_or_color(agent, race_or_color): has_race_or_color(lewis garrard clarke, african-american) 11. has_race_or_color(agent, race_or_color): has_race_or_color(lewis garrard clarke, african-american) 12. has_race_or_color(agent, race_or_color): has_race_or_color(lewis garrard clarke, african-american) 13. has_race_or_color(agent, race_or_color): has_race_or_color(lewis garrard clarke, african-american) 14. has_race_or_color(agent, race_or_color): has_race_or_color(lewis garrard clarke, african-american) 15. has_race_or_color(agent, race_or_color): has_race_or_color(lewis garrard clarke, african-american) 16. has_race_or_color(agent, race_or_color): has_race_or_color(lewis garrard clarke, african-american) 17. has_race_or_color(agent, race_or_color): has_race_or_color(lewis garrard clarke, african-american) 18. has_race_or_color(agent, race_or_color): has_race_or_color(lewis garrard clarke, african-american) 19. has_race_or_color(agent, race_or_color): has_race_or_color(lewis garrard clarke, african-american) 20. has_race_or_color(agent, race_or_color): has_race_or_color(lewis garrard clarke, african-american) 21. has_race_or_color(agent, race_or_color): has_race_or_color(lewis garrard clarke, african-american) 22. has_race_or_color(agent, race_or_color): has_race_or_color(lewis garrard clarke, african-american) 23. has_race_or_color(agent, race_or_color): has_race_or_color(lewis garrard clarke, african-american) 24. has_race_or_color(agent, race_orcolor): has_race_or_color(lewis garrard clarke, african-american) 25. has_race_or_color(agent, race_orcolor): has_race_orcolor(lewis garrard clarke, african-american) 26. has_race_orcolor(agent, race_orcolor): has_race_orcolor(lewis garrard clarke, african-american) 27. has_race_orcolor(agent, race_orcolor): has_race_orcolor(lewis garrard clarke, african-american) 28. has_race_orcolor(agent, race_orcolor): has_race_orcolor(lewis garrard clarke, african-american) 29. has_race_orcolor(agent, race_orcolor): has_race_orcolor(lewis garrard clarke, african-american) 30. has_race_orcolor(agent, race_orcolor): has_race_orcolor(lewis garrard clarke, african-american) 31. has_race_orcolor(agent, race_orcolor): has_race_orcolor(lewis garrard clarke, african-american) 32. has_race_orcolor(agent, race_orcolor): has_race_orcolor(lewis garrard clarke, african-american) 33. has_race_orcolor(agent, race_orcolor): has_race_orcolor(lewis garrard clarke, african-american) 34. has_race_orcolor(agent, race_orcolor): has_race_orcolor(lewis garrard clarke, african-american) 35. has_race_orcolor(agent, race_orcolor): has_race_orcolor(lewis garrard clarke, african-american) 36. has_race_orcolor(agent, race_orcolor): has_race_orcolor(lewis garrard clarke, african-american) 37. has_race_orcolor(agent, race_orcolor): has_race_orcolor(lewis garrard clarke, african-american) 38. has_race_orcolor(agent, race_orcolor): has_race_orcolor(lewis garrard clarke, african-american) 39. has_race_orcolor(agent, race_orcolor): has_race_orcolor(lewis garrard clarke, african-american) 40. has_race_orcolor(agent, race_orcolor): has_race_orcolor(lewis garrard clarke, african-american) 41. has_race_orcolor(agent, race_orcolor): has_race_orcolor(lewis garrard clarke, african-american) 42. has_race_orcolor(agent, race_orcolor): has_race_orcolor(lewis garrard clarke, african-american) 43. has_race_orcolor(agent, race_orcolor): has_race_orcolor(lewis garrard clarke, african-american) 44. has_race_orcolor(agent, race_orcolor): has_race_orcolor(lewis garrard clarke, african-american) 45. has_race_orcolor(agent, race_orcolor): has_race_orcolor(lewis garrard clarke, african-american) 46. has_race_orcolor(agent, race_orcolor): has_race_orcolor(lewis garrard clarke, african-american) 47. has_race_orcolor(agent, race_orcolor): has_race_orcolor(lewis garrard clarke, african-american) 48. has_race_orcolor(agent, race_orcolor): has_race_orcolor(lewis garrard clarke, african-american) 49. has_race_orcolor(agent, race_orcolor): has_race_orcolor(lewis garrard clarke, african-american) 50. has_race_orcolor(agent, race_orcolor): has_race_orcolor(lewis garrard clarke, african-american) 51. has_race_orcolor(agent, race_orcolor): has_race_orcolor(lewis garrard clarke, african-american) 52. has_race_orcolor(agent, race_orcolor): has_race_orcolor(lewis garrard clarke, african-american) 53. has_race_orcolor(agent, race_orcolor): has_race_orcolor(lewis garrard clarke, african-american) 54. has_race_orcolor(agent, race_orcolor): has_race_orcolor(lewis garrard clarke, african-american) 55. has_race_orcolor(agent, race_orcolor): has_race_orcolor(lewis garrard clarke, african-american) 56. has_race_orcolor(agent, race_orcolor): has_race_orcolor(lewis garrard clarke, african-american) 57. has_race_orcolor(agent, race_orcolor): has_race_orcolor(lewis garrard clarke, african-american) 58. has_race_orcolor(agent, race_orcolor): has_race_or",29,0.5238095238095238,1,0.5119820395207958,0.0,0.363662394601531
hasdescription,"born enslaved. free before 13th amendment. escaped slavery, co-authored an autobiography with his brother, lewis clarke, and settled in canada west to escape the reach of the fugitive slave act, and was honored in a state funeral upon his death in kentucky .",on the,"text, the following ontology relations can be populated:",20,0.4920634920634921,25,0.5600522716033906,0.0,0.05123568858197115
hasdescription,"born enslaved. free before 13th amendment. escaped slavery, co-authored an autobiography with his brother, lewis clarke, and settled in canada west to escape the reach of the fugitive slave act, and was honored in a state funeral upon his death in kentucky .",record,module:,30,0.48412698412698413,5,0.4601328903654485,0.0,0.0
hasdescription,"born enslaved. free before 13th amendment. escaped slavery, co-authored an autobiography with his brother, lewis clarke, and settled in canada west to escape the reach of the fugitive slave act, and was honored in a state funeral upon his death in kentucky .",has_name,name,36,0.5952380952380952,3,0.588501291989664,0.0,0.0
hasdescription,"born enslaved. free before 13th amendment. escaped slavery, co-authored an autobiography with his brother, lewis clarke, and settled in canada west to escape the reach of the fugitive slave act, and was honored in a state funeral upon his death in kentucky .",has_name,lewis garrard clarke,36,0.5952380952380952,13,0.5425064599483204,0.0,0.09802438412982134
hasdescription,"born enslaved. free before 13th amendment. escaped slavery, co-authored an autobiography with his brother, lewis clarke, and settled in canada west to escape the reach of the fugitive slave act, and was honored in a state funeral upon his death in kentucky .",garrard,"clarke, 'lewis garrard clarke')",19,0.43650793650793646,17,0.4980458077482333,0.0,0.11100170409781446
hasdescription,"born enslaved. free before 13th amendment. escaped slavery, co-authored an autobiography with his brother, lewis clarke, and settled in canada west to escape the reach of the fugitive slave act, and was honored in a state funeral upon his death in kentucky .",has_surname,surname,48,0.6168831168831169,5,0.5804724990771503,0.0,0.0
hasdescription,"born enslaved. free before 13th amendment. escaped slavery, co-authored an autobiography with his brother, lewis clarke, and settled in canada west to escape the reach of the fugitive slave act, and was honored in a state funeral upon his death in kentucky .",has_surname,clarke,48,0.6168831168831169,5,0.5077519379844961,0.0,0.09726972743916056
hasdescription,"born enslaved. free before 13th amendment. escaped slavery, co-authored an autobiography with his brother, lewis clarke, and settled in canada west to escape the reach of the fugitive slave act, and was honored in a state funeral upon his death in kentucky .",garrard,"clarke, 'clarke')",19,0.43650793650793646,10,0.47682603154559383,0.0,0.09726972743916056
hasdescription,"born enslaved. free before 13th amendment. escaped slavery, co-authored an autobiography with his brother, lewis clarke, and settled in canada west to escape the reach of the fugitive slave act, and was honored in a state funeral upon his death in kentucky .",has_first_name,first_name,43,0.6726190476190476,6,0.5338501291989663,0.0,0.0
hasdescription,"born enslaved. free before 13th amendment. escaped slavery, co-authored an autobiography with his brother, lewis clarke, and settled in canada west to escape the reach of the fugitive slave act, and was honored in a state funeral upon his death in kentucky .",has_first_name,lewis,43,0.6726190476190476,4,0.5397932816537468,0.0,0.09726972743916056
hasdescription,"born enslaved. free before 13th amendment. escaped slavery, co-authored an autobiography with his brother, lewis clarke, and settled in canada west to escape the reach of the fugitive slave act, and was honored in a state funeral upon his death in kentucky .",garrard,"clarke, 'lewis')",19,0.43650793650793646,9,0.4671163784535877,0.0,0.1381992977342658
hasdescription,"born enslaved. free before 13th amendment. escaped slavery, co-authored an autobiography with his brother, lewis clarke, and settled in canada west to escape the reach of the fugitive slave act, and was honored in a state funeral upon his death in kentucky .",relationship record,module:,30,0.6135338345864662,5,0.4601328903654485,0.0,0.0
hasdescription,"born enslaved. free before 13th amendment. escaped slavery, co-authored an autobiography with his brother, lewis clarke, and settled in canada west to escape the reach of the fugitive slave act, and was honored in a state funeral upon his death in kentucky .",has_interagent_relationship_type_to,relationship_type,37,0.5666666666666667,10,0.5427306581547348,0.0,0.0
hasdescription,"born enslaved. free before 13th amendment. escaped slavery, co-authored an autobiography with his brother, lewis clarke, and settled in canada west to escape the reach of the fugitive slave act, and was honored in a state funeral upon his death in kentucky .",has_interagent_relationship_type_to,enslaver,37,0.5666666666666667,6,0.5520025839793282,0.0,0.0
hasdescription,"born enslaved. free before 13th amendment. escaped slavery, co-authored an autobiography with his brother, lewis clarke, and settled in canada west to escape the reach of the fugitive slave act, and was honored in a state funeral upon his death in kentucky .",garrard,"clarke, 'enslaver')",19,0.43650793650793646,12,0.4888735890112879,0.0,0.056391022566409786
hasdescription,"born enslaved. free before 13th amendment. escaped slavery, co-authored an autobiography with his brother, lewis clarke, and settled in canada west to escape the reach of the fugitive slave act, and was honored in a state funeral upon his death in kentucky .",is_relationship_to,agent,44,0.6474266474266474,4,0.5397932816537468,0.0,0.0
hasdescription,"born enslaved. free before 13th amendment. escaped slavery, co-authored an autobiography with his brother, lewis clarke, and settled in canada west to escape the reach of the fugitive slave act, and was honored in a state funeral upon his death in kentucky .",is_relationship_to,samuel campbell,44,0.6474266474266474,10,0.5527131782945737,0.0,0.0
hasdescription,"born enslaved. free before 13th amendment. escaped slavery, co-authored an autobiography with his brother, lewis clarke, and settled in canada west to escape the reach of the fugitive slave act, and was honored in a state funeral upon his death in kentucky .",garrard,"clarke, 'samuel campbell')",19,0.43650793650793646,13,0.49850060062395757,0.0,0.04371655773652077
hasdescription,"born enslaved. free before 13th amendment. escaped slavery, co-authored an autobiography with his brother, lewis clarke, and settled in canada west to escape the reach of the fugitive slave act, and was honored in a state funeral upon his death in kentucky .",record,module:,30,0.48412698412698413,5,0.4601328903654485,0.0,0.0
hasdescription,"born enslaved. free before 13th amendment. escaped slavery, co-authored an autobiography with his brother, lewis clarke, and settled in canada west to escape the reach of the fugitive slave act, and was honored in a state funeral upon his death in kentucky .",has_sex,sex_type,38,0.6238095238095238,5,0.4799741602067183,0.0,0.0
hasdescription,"born enslaved. free before 13th amendment. escaped slavery, co-authored an autobiography with his brother, lewis clarke, and settled in canada west to escape the reach of the fugitive slave act, and was honored in a state funeral upon his death in kentucky .",has_sex,male,38,0.6238095238095238,3,0.5051679586563308,0.0,0.0
hasdescription,"born enslaved. free before 13th amendment. escaped slavery, co-authored an autobiography with his brother, lewis clarke, and settled in canada west to escape the reach of the fugitive slave act, and was honored in a state funeral upon his death in kentucky .",garrard,"clarke, 'male')",19,0.43650793650793646,8,0.47661498708010336,0.0,0.05639102256640978
hasdescription,"born enslaved. free before 13th amendment. escaped slavery, co-authored an autobiography with his brother, lewis clarke, and settled in canada west to escape the reach of the fugitive slave act, and was honored in a state funeral upon his death in kentucky .",record,module:,30,0.48412698412698413,5,0.4601328903654485,0.0,0.0
hasdescription,"born enslaved. free before 13th amendment. escaped slavery, co-authored an autobiography with his brother, lewis clarke, and settled in canada west to escape the reach of the fugitive slave act, and was honored in a state funeral upon his death in kentucky .",has_occupation,occupation,64,0.8074074074074075,7,0.5462532299741603,0.0,0.0
hasdescription,"born enslaved. free before 13th amendment. escaped slavery, co-authored an autobiography with his brother, lewis clarke, and settled in canada west to escape the reach of the fugitive slave act, and was honored in a state funeral upon his death in kentucky .",has_occupation,slave,64,0.8074074074074075,4,0.5397932816537468,0.0,0.09726972743916056
hasdescription,"born enslaved. free before 13th amendment. escaped slavery, co-authored an autobiography with his brother, lewis clarke, and settled in canada west to escape the reach of the fugitive slave act, and was honored in a state funeral upon his death in kentucky .",has_occupation,educator,64,0.8074074074074075,6,0.5520025839793282,0.0,0.0
hasdescription,"born enslaved. free before 13th amendment. escaped slavery, co-authored an autobiography with his brother, lewis clarke, and settled in canada west to escape the reach of the fugitive slave act, and was honored in a state funeral upon his death in kentucky .",has_occupation,lawyer,64,0.8074074074074075,4,0.5077519379844961,0.0,0.0
hasdescription,"born enslaved. free before 13th amendment. escaped slavery, co-authored an autobiography with his brother, lewis clarke, and settled in canada west to escape the reach of the fugitive slave act, and was honored in a state funeral upon his death in kentucky .",has_occupation,and autobiographer,64,0.8074074074074075,13,0.5417743324720069,0.0,0.11437635563999372
hasdescription,"born enslaved. free before 13th amendment. escaped slavery, co-authored an autobiography with his brother, lewis clarke, and settled in canada west to escape the reach of the fugitive slave act, and was honored in a state funeral upon his death in kentucky .",garrard,"clarke, 'slave, educator, lawyer, and autobiographer')",19,0.43650793650793646,26,0.5465747918461097,0.0,0.13334201819628994
hasdescription,"born enslaved. free before 13th amendment. escaped slavery, co-authored an autobiography with his brother, lewis clarke, and settled in canada west to escape the reach of the fugitive slave act, and was honored in a state funeral upon his death in kentucky .",record,module:,30,0.48412698412698413,5,0.4601328903654485,0.0,0.0
hasdescription,"born enslaved. free before 13th amendment. escaped slavery, co-authored an autobiography with his brother, lewis clarke, and settled in canada west to escape the reach of the fugitive slave act, and was honored in a state funeral upon his death in kentucky .",has_age,age,38,0.6190476190476191,2,0.5594315245478035,0.0,0.0
hasdescription,"born enslaved. free before 13th amendment. escaped slavery, co-authored an autobiography with his brother, lewis clarke, and settled in canada west to escape the reach of the fugitive slave act, and was honored in a state funeral upon his death in kentucky .",has_age,?,38,0.6190476190476191,0,0.0,0.0,0.0
hasdescription,"born enslaved. free before 13th amendment. escaped slavery, co-authored an autobiography with his brother, lewis clarke, and settled in canada west to escape the reach of the fugitive slave act, and was honored in a state funeral upon his death in kentucky .",garrard,"clarke,?) (note: the age is not mentioned in the text)",19,0.43650793650793646,26,0.5388673557278207,0.0,0.1963243359492989
hasdescription,"born enslaved. free before 13th amendment. escaped slavery, co-authored an autobiography with his brother, lewis clarke, and settled in canada west to escape the reach of the fugitive slave act, and was honored in a state funeral upon his death in kentucky .",has_birthdate,date_of_birth,37,0.6318681318681318,7,0.5083843804774038,0.0,0.0
hasdescription,"born enslaved. free before 13th amendment. escaped slavery, co-authored an autobiography with his brother, lewis clarke, and settled in canada west to escape the reach of the fugitive slave act, and was honored in a state funeral upon his death in kentucky .",has_birthdate,?,37,0.6318681318681318,0,0.0,0.0,0.0
hasdescription,"born enslaved. free before 13th amendment. escaped slavery, co-authored an autobiography with his brother, lewis clarke, and settled in canada west to escape the reach of the fugitive slave act, and was honored in a state funeral upon his death in kentucky .",garrard,"clarke,?) (note: the birth date is not mentioned in the text)",19,0.43650793650793646,29,0.5716058796119795,0.0,0.18628823439603687
hasdescription,"born enslaved. free before 13th amendment. escaped slavery, co-authored an autobiography with his brother, lewis clarke, and settled in canada west to escape the reach of the fugitive slave act, and was honored in a state funeral upon his death in kentucky .",has_deathdate,date_of_death,44,0.63003663003663,8,0.5083843804774038,0.0,0.0
hasdescription,"born enslaved. free before 13th amendment. escaped slavery, co-authored an autobiography with his brother, lewis clarke, and settled in canada west to escape the reach of the fugitive slave act, and was honored in a state funeral upon his death in kentucky .",has_deathdate,?,44,0.63003663003663,0,0.0,0.0,0.0
hasdescription,"born enslaved. free before 13th amendment. escaped slavery, co-authored an autobiography with his brother, lewis clarke, and settled in canada west to escape the reach of the fugitive slave act, and was honored in a state funeral upon his death in kentucky .",garrard,"clarke,?) (note: the death date is not mentioned in the text)",19,0.43650793650793646,29,0.5594846674907674,0.0,0.21606299652118577
hasdescription,"born enslaved. free before 13th amendment. escaped slavery, co-authored an autobiography with his brother, lewis clarke, and settled in canada west to escape the reach of the fugitive slave act, and was honored in a state funeral upon his death in kentucky .",status record,module:,37,0.5366300366300366,5,0.4601328903654485,0.0,0.0
hasdescription,"born enslaved. free before 13th amendment. escaped slavery, co-authored an autobiography with his brother, lewis clarke, and settled in canada west to escape the reach of the fugitive slave act, and was honored in a state funeral upon his death in kentucky .",has_person_status,enslaved person,45,0.6675070028011204,11,0.5304909560723514,0.0,0.056391022566409786
hasdescription,"born enslaved. free before 13th amendment. escaped slavery, co-authored an autobiography with his brother, lewis clarke, and settled in canada west to escape the reach of the fugitive slave act, and was honored in a state funeral upon his death in kentucky .",has_person_status,ex-slave,45,0.6675070028011204,5,0.49118678479143596,0.0,0.056391022566409786
hasdescription,"born enslaved. free before 13th amendment. escaped slavery, co-authored an autobiography with his brother, lewis clarke, and settled in canada west to escape the reach of the fugitive slave act, and was honored in a state funeral upon his death in kentucky .",garrard,"clarke, 'enslaved person, ex-slave')",19,0.43650793650793646,18,0.5251399655469423,0.0,0.11171999629978928
hasdescription,"born enslaved. free before 13th amendment. escaped slavery, co-authored an autobiography with his brother, lewis clarke, and settled in canada west to escape the reach of the fugitive slave act, and was honored in a state funeral upon his death in kentucky .",record,module:,30,0.48412698412698413,5,0.4601328903654485,0.0,0.0
hasdescription,"born enslaved. free before 13th amendment. escaped slavery, co-authored an autobiography with his brother, lewis clarke, and settled in canada west to escape the reach of the fugitive slave act, and was honored in a state funeral upon his death in kentucky .",has_race_or_color,race_or_color,39,0.5896358543417367,8,0.4780813501743734,0.0,0.0
hasdescription,"born enslaved. free before 13th amendment. escaped slavery, co-authored an autobiography with his brother, lewis clarke, and settled in canada west to escape the reach of the fugitive slave act, and was honored in a state funeral upon his death in kentucky .",has_race_or_color,african-american,39,0.5896358543417367,10,0.5206718346253231,0.0,0.0
hasdescription,"born enslaved. free before 13th amendment. escaped slavery, co-authored an autobiography with his brother, lewis clarke, and settled in canada west to escape the reach of the fugitive slave act, and was honored in a state funeral upon his death in kentucky .",has_race_or_color,race_or_color,39,0.5896358543417367,8,0.4780813501743734,0.0,0.0
hasdescription,"born enslaved. free before 13th amendment. escaped slavery, co-authored an autobiography with his brother, lewis clarke, and settled in canada west to escape the reach of the fugitive slave act, and was honored in a state funeral upon his death in kentucky .",has_race_or_color,african-american,39,0.5896358543417367,10,0.5206718346253231,0.0,0.0
hasdescription,"born enslaved. free before 13th amendment. escaped slavery, co-authored an autobiography with his brother, lewis clarke, and settled in canada west to escape the reach of the fugitive slave act, and was honored in a state funeral upon his death in kentucky .",has_race_or_color,race_or_color,39,0.5896358543417367,8,0.4780813501743734,0.0,0.0
hasdescription,"born enslaved. free before 13th amendment. escaped slavery, co-authored an autobiography with his brother, lewis clarke, and settled in canada west to escape the reach of the fugitive slave act, and was honored in a state funeral upon his death in kentucky .",has_race_or_color,african-american,39,0.5896358543417367,10,0.5206718346253231,0.0,0.0
hasdescription,"born enslaved. free before 13th amendment. escaped slavery, co-authored an autobiography with his brother, lewis clarke, and settled in canada west to escape the reach of the fugitive slave act, and was honored in a state funeral upon his death in kentucky .",has_race_or_color,race_or_color,39,0.5896358543417367,8,0.4780813501743734,0.0,0.0
hasdescription,"born enslaved. free before 13th amendment. escaped slavery, co-authored an autobiography with his brother, lewis clarke, and settled in canada west to escape the reach of the fugitive slave act, and was honored in a state funeral upon his death in kentucky .",has_race_or_color,african-american,39,0.5896358543417367,10,0.5206718346253231,0.0,0.0
hasdescription,"born enslaved. free before 13th amendment. escaped slavery, co-authored an autobiography with his brother, lewis clarke, and settled in canada west to escape the reach of the fugitive slave act, and was honored in a state funeral upon his death in kentucky .",has_race_or_color,race_or_color,39,0.5896358543417367,8,0.4780813501743734,0.0,0.0
hasdescription,"born enslaved. free before 13th amendment. escaped slavery, co-authored an autobiography with his brother, lewis clarke, and settled in canada west to escape the reach of the fugitive slave act, and was honored in a state funeral upon his death in kentucky .",has_race_or_color,african-american,39,0.5896358543417367,10,0.5206718346253231,0.0,0.0
hasdescription,"born enslaved. free before 13th amendment. escaped slavery, co-authored an autobiography with his brother, lewis clarke, and settled in canada west to escape the reach of the fugitive slave act, and was honored in a state funeral upon his death in kentucky .",has_race_or_color,race_or_color,39,0.5896358543417367,8,0.4780813501743734,0.0,0.0
hasdescription,"born enslaved. free before 13th amendment. escaped slavery, co-authored an autobiography with his brother, lewis clarke, and settled in canada west to escape the reach of the fugitive slave act, and was honored in a state funeral upon his death in kentucky .",has_race_or_color,african-american,39,0.5896358543417367,10,0.5206718346253231,0.0,0.0
hasdescription,"born enslaved. free before 13th amendment. escaped slavery, co-authored an autobiography with his brother, lewis clarke, and settled in canada west to escape the reach of the fugitive slave act, and was honored in a state funeral upon his death in kentucky .",has_race_or_color,race_or_color,39,0.5896358543417367,8,0.4780813501743734,0.0,0.0
hasdescription,"born enslaved. free before 13th amendment. escaped slavery, co-authored an autobiography with his brother, lewis clarke, and settled in canada west to escape the reach of the fugitive slave act, and was honored in a state funeral upon his death in kentucky .",has_race_or_color,african-american,39,0.5896358543417367,10,0.5206718346253231,0.0,0.0
hasdescription,"born enslaved. free before 13th amendment. escaped slavery, co-authored an autobiography with his brother, lewis clarke, and settled in canada west to escape the reach of the fugitive slave act, and was honored in a state funeral upon his death in kentucky .",has_race_or_color,race_or_color,39,0.5896358543417367,8,0.4780813501743734,0.0,0.0
hasdescription,"born enslaved. free before 13th amendment. escaped slavery, co-authored an autobiography with his brother, lewis clarke, and settled in canada west to escape the reach of the fugitive slave act, and was honored in a state funeral upon his death in kentucky .",has_race_or_color,african-american,39,0.5896358543417367,10,0.5206718346253231,0.0,0.0
hasdescription,"born enslaved. free before 13th amendment. escaped slavery, co-authored an autobiography with his brother, lewis clarke, and settled in canada west to escape the reach of the fugitive slave act, and was honored in a state funeral upon his death in kentucky .",has_race_or_color,race_or_color,39,0.5896358543417367,8,0.4780813501743734,0.0,0.0
hasdescription,"born enslaved. free before 13th amendment. escaped slavery, co-authored an autobiography with his brother, lewis clarke, and settled in canada west to escape the reach of the fugitive slave act, and was honored in a state funeral upon his death in kentucky .",has_race_or_color,african-american,39,0.5896358543417367,10,0.5206718346253231,0.0,0.0
hasdescription,"born enslaved. free before 13th amendment. escaped slavery, co-authored an autobiography with his brother, lewis clarke, and settled in canada west to escape the reach of the fugitive slave act, and was honored in a state funeral upon his death in kentucky .",has_race_or_color,race_or_color,39,0.5896358543417367,8,0.4780813501743734,0.0,0.0
hasdescription,"born enslaved. free before 13th amendment. escaped slavery, co-authored an autobiography with his brother, lewis clarke, and settled in canada west to escape the reach of the fugitive slave act, and was honored in a state funeral upon his death in kentucky .",has_race_or_color,african-american,39,0.5896358543417367,10,0.5206718346253231,0.0,0.0
hasdescription,"born enslaved. free before 13th amendment. escaped slavery, co-authored an autobiography with his brother, lewis clarke, and settled in canada west to escape the reach of the fugitive slave act, and was honored in a state funeral upon his death in kentucky .",has_race_or_color,race_or_color,39,0.5896358543417367,8,0.4780813501743734,0.0,0.0
hasdescription,"born enslaved. free before 13th amendment. escaped slavery, co-authored an autobiography with his brother, lewis clarke, and settled in canada west to escape the reach of the fugitive slave act, and was honored in a state funeral upon his death in kentucky .",has_race_or_color,african-american,39,0.5896358543417367,10,0.5206718346253231,0.0,0.0
hasdescription,"born enslaved. free before 13th amendment. escaped slavery, co-authored an autobiography with his brother, lewis clarke, and settled in canada west to escape the reach of the fugitive slave act, and was honored in a state funeral upon his death in kentucky .",has_race_or_color,race_or_color,39,0.5896358543417367,8,0.4780813501743734,0.0,0.0
hasdescription,"born enslaved. free before 13th amendment. escaped slavery, co-authored an autobiography with his brother, lewis clarke, and settled in canada west to escape the reach of the fugitive slave act, and was honored in a state funeral upon his death in kentucky .",has_race_or_color,african-american,39,0.5896358543417367,10,0.5206718346253231,0.0,0.0
hasdescription,"born enslaved. free before 13th amendment. escaped slavery, co-authored an autobiography with his brother, lewis clarke, and settled in canada west to escape the reach of the fugitive slave act, and was honored in a state funeral upon his death in kentucky .",has_race_or_color,race_or_color,39,0.5896358543417367,8,0.4780813501743734,0.0,0.0
hasdescription,"born enslaved. free before 13th amendment. escaped slavery, co-authored an autobiography with his brother, lewis clarke, and settled in canada west to escape the reach of the fugitive slave act, and was honored in a state funeral upon his death in kentucky .",has_race_or_color,african-american,39,0.5896358543417367,10,0.5206718346253231,0.0,0.0
hasdescription,"born enslaved. free before 13th amendment. escaped slavery, co-authored an autobiography with his brother, lewis clarke, and settled in canada west to escape the reach of the fugitive slave act, and was honored in a state funeral upon his death in kentucky .",has_race_or_color,race_or_color,39,0.5896358543417367,8,0.4780813501743734,0.0,0.0
hasdescription,"born enslaved. free before 13th amendment. escaped slavery, co-authored an autobiography with his brother, lewis clarke, and settled in canada west to escape the reach of the fugitive slave act, and was honored in a state funeral upon his death in kentucky .",has_race_or_color,african-american,39,0.5896358543417367,10,0.5206718346253231,0.0,0.0
hasdescription,"born enslaved. free before 13th amendment. escaped slavery, co-authored an autobiography with his brother, lewis clarke, and settled in canada west to escape the reach of the fugitive slave act, and was honored in a state funeral upon his death in kentucky .",has_race_or_color,race_or_color,39,0.5896358543417367,8,0.4780813501743734,0.0,0.0
hasdescription,"born enslaved. free before 13th amendment. escaped slavery, co-authored an autobiography with his brother, lewis clarke, and settled in canada west to escape the reach of the fugitive slave act, and was honored in a state funeral upon his death in kentucky .",has_race_or_color,african-american,39,0.5896358543417367,10,0.5206718346253231,0.0,0.0
hasdescription,"born enslaved. free before 13th amendment. escaped slavery, co-authored an autobiography with his brother, lewis clarke, and settled in canada west to escape the reach of the fugitive slave act, and was honored in a state funeral upon his death in kentucky .",has_race_or_color,race_or_color,39,0.5896358543417367,8,0.4780813501743734,0.0,0.0
hasdescription,"born enslaved. free before 13th amendment. escaped slavery, co-authored an autobiography with his brother, lewis clarke, and settled in canada west to escape the reach of the fugitive slave act, and was honored in a state funeral upon his death in kentucky .",has_race_or_color,african-american,39,0.5896358543417367,10,0.5206718346253231,0.0,0.0
hasdescription,"born enslaved. free before 13th amendment. escaped slavery, co-authored an autobiography with his brother, lewis clarke, and settled in canada west to escape the reach of the fugitive slave act, and was honored in a state funeral upon his death in kentucky .",has_race_or_color,race_or_color,39,0.5896358543417367,8,0.4780813501743734,0.0,0.0
hasdescription,"born enslaved. free before 13th amendment. escaped slavery, co-authored an autobiography with his brother, lewis clarke, and settled in canada west to escape the reach of the fugitive slave act, and was honored in a state funeral upon his death in kentucky .",has_race_or_color,african-american,39,0.5896358543417367,10,0.5206718346253231,0.0,0.0
hasdescription,"born enslaved. free before 13th amendment. escaped slavery, co-authored an autobiography with his brother, lewis clarke, and settled in canada west to escape the reach of the fugitive slave act, and was honored in a state funeral upon his death in kentucky .",has_race_or_color,race_or_color,39,0.5896358543417367,8,0.4780813501743734,0.0,0.0
hasdescription,"born enslaved. free before 13th amendment. escaped slavery, co-authored an autobiography with his brother, lewis clarke, and settled in canada west to escape the reach of the fugitive slave act, and was honored in a state funeral upon his death in kentucky .",has_race_or_color,african-american,39,0.5896358543417367,10,0.5206718346253231,0.0,0.0
hasdescription,"born enslaved. free before 13th amendment. escaped slavery, co-authored an autobiography with his brother, lewis clarke, and settled in canada west to escape the reach of the fugitive slave act, and was honored in a state funeral upon his death in kentucky .",has_race_or_color,race_or_color,39,0.5896358543417367,8,0.4780813501743734,0.0,0.0
hasdescription,"born enslaved. free before 13th amendment. escaped slavery, co-authored an autobiography with his brother, lewis clarke, and settled in canada west to escape the reach of the fugitive slave act, and was honored in a state funeral upon his death in kentucky .",has_race_or_color,african-american,39,0.5896358543417367,10,0.5206718346253231,0.0,0.0
hasdescription,"born enslaved. free before 13th amendment. escaped slavery, co-authored an autobiography with his brother, lewis clarke, and settled in canada west to escape the reach of the fugitive slave act, and was honored in a state funeral upon his death in kentucky .",has_race_or_color,race_or_color,39,0.5896358543417367,8,0.4780813501743734,0.0,0.0
hasdescription,"born enslaved. free before 13th amendment. escaped slavery, co-authored an autobiography with his brother, lewis clarke, and settled in canada west to escape the reach of the fugitive slave act, and was honored in a state funeral upon his death in kentucky .",has_race_or_color,african-american,39,0.5896358543417367,10,0.5206718346253231,0.0,0.0
hasdescription,"born enslaved. free before 13th amendment. escaped slavery, co-authored an autobiography with his brother, lewis clarke, and settled in canada west to escape the reach of the fugitive slave act, and was honored in a state funeral upon his death in kentucky .",has_race_or_color,race_or_color,39,0.5896358543417367,8,0.4780813501743734,0.0,0.0
hasdescription,"born enslaved. free before 13th amendment. escaped slavery, co-authored an autobiography with his brother, lewis clarke, and settled in canada west to escape the reach of the fugitive slave act, and was honored in a state funeral upon his death in kentucky .",has_race_or_color,african-american,39,0.5896358543417367,10,0.5206718346253231,0.0,0.0
hasdescription,"born enslaved. free before 13th amendment. escaped slavery, co-authored an autobiography with his brother, lewis clarke, and settled in canada west to escape the reach of the fugitive slave act, and was honored in a state funeral upon his death in kentucky .",has_race_or_color,race_or_color,39,0.5896358543417367,8,0.4780813501743734,0.0,0.0
hasdescription,"born enslaved. free before 13th amendment. escaped slavery, co-authored an autobiography with his brother, lewis clarke, and settled in canada west to escape the reach of the fugitive slave act, and was honored in a state funeral upon his death in kentucky .",has_race_or_color,african-american,39,0.5896358543417367,10,0.5206718346253231,0.0,0.0
hasdescription,"born enslaved. free before 13th amendment. escaped slavery, co-authored an autobiography with his brother, lewis clarke, and settled in canada west to escape the reach of the fugitive slave act, and was honored in a state funeral upon his death in kentucky .",has_race_or_color,race_or_color,39,0.5896358543417367,8,0.4780813501743734,0.0,0.0
hasdescription,"born enslaved. free before 13th amendment. escaped slavery, co-authored an autobiography with his brother, lewis clarke, and settled in canada west to escape the reach of the fugitive slave act, and was honored in a state funeral upon his death in kentucky .",has_race_or_color,african-american,39,0.5896358543417367,10,0.5206718346253231,0.0,0.0
hasdescription,"born enslaved. free before 13th amendment. escaped slavery, co-authored an autobiography with his brother, lewis clarke, and settled in canada west to escape the reach of the fugitive slave act, and was honored in a state funeral upon his death in kentucky .",has_race_or_color,race_orcolor,39,0.5896358543417367,8,0.5015856236786469,0.0,0.0
hasdescription,"born enslaved. free before 13th amendment. escaped slavery, co-authored an autobiography with his brother, lewis clarke, and settled in canada west to escape the reach of the fugitive slave act, and was honored in a state funeral upon his death in kentucky .",has_race_or_color,african-american,39,0.5896358543417367,10,0.5206718346253231,0.0,0.0
hasdescription,"born enslaved. free before 13th amendment. escaped slavery, co-authored an autobiography with his brother, lewis clarke, and settled in canada west to escape the reach of the fugitive slave act, and was honored in a state funeral upon his death in kentucky .",has_race_or_color,race_orcolor,39,0.5896358543417367,8,0.5015856236786469,0.0,0.0
hasdescription,"born enslaved. free before 13th amendment. escaped slavery, co-authored an autobiography with his brother, lewis clarke, and settled in canada west to escape the reach of the fugitive slave act, and was honored in a state funeral upon his death in kentucky .",has_race_orcolor,african-american,40,0.5982142857142857,10,0.5206718346253231,0.0,0.0
hasdescription,"born enslaved. free before 13th amendment. escaped slavery, co-authored an autobiography with his brother, lewis clarke, and settled in canada west to escape the reach of the fugitive slave act, and was honored in a state funeral upon his death in kentucky .",has_race_orcolor,race_orcolor,40,0.5982142857142857,8,0.5015856236786469,0.0,0.0
hasdescription,"born enslaved. free before 13th amendment. escaped slavery, co-authored an autobiography with his brother, lewis clarke, and settled in canada west to escape the reach of the fugitive slave act, and was honored in a state funeral upon his death in kentucky .",has_race_orcolor,african-american,40,0.5982142857142857,10,0.5206718346253231,0.0,0.0
hasdescription,"born enslaved. free before 13th amendment. escaped slavery, co-authored an autobiography with his brother, lewis clarke, and settled in canada west to escape the reach of the fugitive slave act, and was honored in a state funeral upon his death in kentucky .",has_race_orcolor,race_orcolor,40,0.5982142857142857,8,0.5015856236786469,0.0,0.0
hasdescription,"born enslaved. free before 13th amendment. escaped slavery, co-authored an autobiography with his brother, lewis clarke, and settled in canada west to escape the reach of the fugitive slave act, and was honored in a state funeral upon his death in kentucky .",has_race_orcolor,african-american,40,0.5982142857142857,10,0.5206718346253231,0.0,0.0
hasdescription,"born enslaved. free before 13th amendment. escaped slavery, co-authored an autobiography with his brother, lewis clarke, and settled in canada west to escape the reach of the fugitive slave act, and was honored in a state funeral upon his death in kentucky .",has_race_orcolor,race_orcolor,40,0.5982142857142857,8,0.5015856236786469,0.0,0.0
hasdescription,"born enslaved. free before 13th amendment. escaped slavery, co-authored an autobiography with his brother, lewis clarke, and settled in canada west to escape the reach of the fugitive slave act, and was honored in a state funeral upon his death in kentucky .",has_race_orcolor,african-american,40,0.5982142857142857,10,0.5206718346253231,0.0,0.0
hasdescription,"born enslaved. free before 13th amendment. escaped slavery, co-authored an autobiography with his brother, lewis clarke, and settled in canada west to escape the reach of the fugitive slave act, and was honored in a state funeral upon his death in kentucky .",has_race_orcolor,race_orcolor,40,0.5982142857142857,8,0.5015856236786469,0.0,0.0
hasdescription,"born enslaved. free before 13th amendment. escaped slavery, co-authored an autobiography with his brother, lewis clarke, and settled in canada west to escape the reach of the fugitive slave act, and was honored in a state funeral upon his death in kentucky .",has_race_orcolor,african-american,40,0.5982142857142857,10,0.5206718346253231,0.0,0.0
hasdescription,"born enslaved. free before 13th amendment. escaped slavery, co-authored an autobiography with his brother, lewis clarke, and settled in canada west to escape the reach of the fugitive slave act, and was honored in a state funeral upon his death in kentucky .",has_race_orcolor,race_orcolor,40,0.5982142857142857,8,0.5015856236786469,0.0,0.0
hasdescription,"born enslaved. free before 13th amendment. escaped slavery, co-authored an autobiography with his brother, lewis clarke, and settled in canada west to escape the reach of the fugitive slave act, and was honored in a state funeral upon his death in kentucky .",has_race_orcolor,african-american,40,0.5982142857142857,10,0.5206718346253231,0.0,0.0
hasdescription,"born enslaved. free before 13th amendment. escaped slavery, co-authored an autobiography with his brother, lewis clarke, and settled in canada west to escape the reach of the fugitive slave act, and was honored in a state funeral upon his death in kentucky .",has_race_orcolor,race_orcolor,40,0.5982142857142857,8,0.5015856236786469,0.0,0.0
hasdescription,"born enslaved. free before 13th amendment. escaped slavery, co-authored an autobiography with his brother, lewis clarke, and settled in canada west to escape the reach of the fugitive slave act, and was honored in a state funeral upon his death in kentucky .",has_race_orcolor,african-american,40,0.5982142857142857,10,0.5206718346253231,0.0,0.0
hasdescription,"born enslaved. free before 13th amendment. escaped slavery, co-authored an autobiography with his brother, lewis clarke, and settled in canada west to escape the reach of the fugitive slave act, and was honored in a state funeral upon his death in kentucky .",has_race_orcolor,race_orcolor,40,0.5982142857142857,8,0.5015856236786469,0.0,0.0
hasdescription,"born enslaved. free before 13th amendment. escaped slavery, co-authored an autobiography with his brother, lewis clarke, and settled in canada west to escape the reach of the fugitive slave act, and was honored in a state funeral upon his death in kentucky .",has_race_orcolor,african-american,40,0.5982142857142857,10,0.5206718346253231,0.0,0.0
hasdescription,"born enslaved. free before 13th amendment. escaped slavery, co-authored an autobiography with his brother, lewis clarke, and settled in canada west to escape the reach of the fugitive slave act, and was honored in a state funeral upon his death in kentucky .",has_race_orcolor,race_orcolor,40,0.5982142857142857,8,0.5015856236786469,0.0,0.0
hasdescription,"born enslaved. free before 13th amendment. escaped slavery, co-authored an autobiography with his brother, lewis clarke, and settled in canada west to escape the reach of the fugitive slave act, and was honored in a state funeral upon his death in kentucky .",has_race_orcolor,african-american,40,0.5982142857142857,10,0.5206718346253231,0.0,0.0
hasdescription,"born enslaved. free before 13th amendment. escaped slavery, co-authored an autobiography with his brother, lewis clarke, and settled in canada west to escape the reach of the fugitive slave act, and was honored in a state funeral upon his death in kentucky .",has_race_orcolor,race_orcolor,40,0.5982142857142857,8,0.5015856236786469,0.0,0.0
hasdescription,"born enslaved. free before 13th amendment. escaped slavery, co-authored an autobiography with his brother, lewis clarke, and settled in canada west to escape the reach of the fugitive slave act, and was honored in a state funeral upon his death in kentucky .",has_race_orcolor,african-american,40,0.5982142857142857,10,0.5206718346253231,0.0,0.0
hasdescription,"born enslaved. free before 13th amendment. escaped slavery, co-authored an autobiography with his brother, lewis clarke, and settled in canada west to escape the reach of the fugitive slave act, and was honored in a state funeral upon his death in kentucky .",has_race_orcolor,race_orcolor,40,0.5982142857142857,8,0.5015856236786469,0.0,0.0
hasdescription,"born enslaved. free before 13th amendment. escaped slavery, co-authored an autobiography with his brother, lewis clarke, and settled in canada west to escape the reach of the fugitive slave act, and was honored in a state funeral upon his death in kentucky .",has_race_orcolor,african-american,40,0.5982142857142857,10,0.5206718346253231,0.0,0.0
hasdescription,"born enslaved. free before 13th amendment. escaped slavery, co-authored an autobiography with his brother, lewis clarke, and settled in canada west to escape the reach of the fugitive slave act, and was honored in a state funeral upon his death in kentucky .",has_race_orcolor,race_orcolor,40,0.5982142857142857,8,0.5015856236786469,0.0,0.0
hasdescription,"born enslaved. free before 13th amendment. escaped slavery, co-authored an autobiography with his brother, lewis clarke, and settled in canada west to escape the reach of the fugitive slave act, and was honored in a state funeral upon his death in kentucky .",has_race_orcolor,african-american,40,0.5982142857142857,10,0.5206718346253231,0.0,0.0
hasdescription,"born enslaved. free before 13th amendment. escaped slavery, co-authored an autobiography with his brother, lewis clarke, and settled in canada west to escape the reach of the fugitive slave act, and was honored in a state funeral upon his death in kentucky .",has_race_orcolor,race_orcolor,40,0.5982142857142857,8,0.5015856236786469,0.0,0.0
hasdescription,"born enslaved. free before 13th amendment. escaped slavery, co-authored an autobiography with his brother, lewis clarke, and settled in canada west to escape the reach of the fugitive slave act, and was honored in a state funeral upon his death in kentucky .",has_race_orcolor,african-american,40,0.5982142857142857,10,0.5206718346253231,0.0,0.0
hasdescription,"born enslaved. free before 13th amendment. escaped slavery, co-authored an autobiography with his brother, lewis clarke, and settled in canada west to escape the reach of the fugitive slave act, and was honored in a state funeral upon his death in kentucky .",has_race_orcolor,race_orcolor,40,0.5982142857142857,8,0.5015856236786469,0.0,0.0
hasdescription,"born enslaved. free before 13th amendment. escaped slavery, co-authored an autobiography with his brother, lewis clarke, and settled in canada west to escape the reach of the fugitive slave act, and was honored in a state funeral upon his death in kentucky .",has_race_orcolor,african-american,40,0.5982142857142857,10,0.5206718346253231,0.0,0.0
hasdescription,"born enslaved. free before 13th amendment. escaped slavery, co-authored an autobiography with his brother, lewis clarke, and settled in canada west to escape the reach of the fugitive slave act, and was honored in a state funeral upon his death in kentucky .",has_race_orcolor,race_orcolor,40,0.5982142857142857,8,0.5015856236786469,0.0,0.0
hasdescription,"born enslaved. free before 13th amendment. escaped slavery, co-authored an autobiography with his brother, lewis clarke, and settled in canada west to escape the reach of the fugitive slave act, and was honored in a state funeral upon his death in kentucky .",has_race_orcolor,african-american,40,0.5982142857142857,10,0.5206718346253231,0.0,0.0
hasdescription,"born enslaved. free before 13th amendment. escaped slavery, co-authored an autobiography with his brother, lewis clarke, and settled in canada west to escape the reach of the fugitive slave act, and was honored in a state funeral upon his death in kentucky .",has_race_orcolor,race_orcolor,40,0.5982142857142857,8,0.5015856236786469,0.0,0.0
hasdescription,"born enslaved. free before 13th amendment. escaped slavery, co-authored an autobiography with his brother, lewis clarke, and settled in canada west to escape the reach of the fugitive slave act, and was honored in a state funeral upon his death in kentucky .",has_race_orcolor,african-american,40,0.5982142857142857,10,0.5206718346253231,0.0,0.0
hasdescription,"born enslaved. free before 13th amendment. escaped slavery, co-authored an autobiography with his brother, lewis clarke, and settled in canada west to escape the reach of the fugitive slave act, and was honored in a state funeral upon his death in kentucky .",has_race_orcolor,race_orcolor,40,0.5982142857142857,8,0.5015856236786469,0.0,0.0
hasdescription,"born enslaved. free before 13th amendment. escaped slavery, co-authored an autobiography with his brother, lewis clarke, and settled in canada west to escape the reach of the fugitive slave act, and was honored in a state funeral upon his death in kentucky .",has_race_orcolor,african-american,40,0.5982142857142857,10,0.5206718346253231,0.0,0.0
hasdescription,"born enslaved. free before 13th amendment. escaped slavery, co-authored an autobiography with his brother, lewis clarke, and settled in canada west to escape the reach of the fugitive slave act, and was honored in a state funeral upon his death in kentucky .",has_race_orcolor,race_orcolor,40,0.5982142857142857,8,0.5015856236786469,0.0,0.0
hasdescription,"born enslaved. free before 13th amendment. escaped slavery, co-authored an autobiography with his brother, lewis clarke, and settled in canada west to escape the reach of the fugitive slave act, and was honored in a state funeral upon his death in kentucky .",has_race_orcolor,african-american,40,0.5982142857142857,10,0.5206718346253231,0.0,0.0
hasdescription,"born enslaved. free before 13th amendment. escaped slavery, co-authored an autobiography with his brother, lewis clarke, and settled in canada west to escape the reach of the fugitive slave act, and was honored in a state funeral upon his death in kentucky .",has_race_orcolor,race_orcolor,40,0.5982142857142857,8,0.5015856236786469,0.0,0.0
hasdescription,"born enslaved. free before 13th amendment. escaped slavery, co-authored an autobiography with his brother, lewis clarke, and settled in canada west to escape the reach of the fugitive slave act, and was honored in a state funeral upon his death in kentucky .",has_race_orcolor,african-american,40,0.5982142857142857,10,0.5206718346253231,0.0,0.0
hasdescription,"born enslaved. free before 13th amendment. escaped slavery, co-authored an autobiography with his brother, lewis clarke, and settled in canada west to escape the reach of the fugitive slave act, and was honored in a state funeral upon his death in kentucky .",has_race_orcolor,race_orcolor,40,0.5982142857142857,8,0.5015856236786469,0.0,0.0
hasdescription,"born enslaved. free before 13th amendment. escaped slavery, co-authored an autobiography with his brother, lewis clarke, and settled in canada west to escape the reach of the fugitive slave act, and was honored in a state funeral upon his death in kentucky .",has_race_orcolor,african-american,40,0.5982142857142857,10,0.5206718346253231,0.0,0.0
hasdescription,"born enslaved. free before 13th amendment. escaped slavery, co-authored an autobiography with his brother, lewis clarke, and settled in canada west to escape the reach of the fugitive slave act, and was honored in a state funeral upon his death in kentucky .",has_race_orcolor,race_orcolor,40,0.5982142857142857,8,0.5015856236786469,0.0,0.0
hasdescription,"born enslaved. free before 13th amendment. escaped slavery, co-authored an autobiography with his brother, lewis clarke, and settled in canada west to escape the reach of the fugitive slave act, and was honored in a state funeral upon his death in kentucky .",has_race_orcolor,african-american,40,0.5982142857142857,10,0.5206718346253231,0.0,0.0
hasdescription,"born enslaved. free before 13th amendment. escaped slavery, co-authored an autobiography with his brother, lewis clarke, and settled in canada west to escape the reach of the fugitive slave act, and was honored in a state funeral upon his death in kentucky .",has_race_orcolor,race_orcolor,40,0.5982142857142857,8,0.5015856236786469,0.0,0.0
hasdescription,"born enslaved. free before 13th amendment. escaped slavery, co-authored an autobiography with his brother, lewis clarke, and settled in canada west to escape the reach of the fugitive slave act, and was honored in a state funeral upon his death in kentucky .",has_race_orcolor,african-american,40,0.5982142857142857,10,0.5206718346253231,0.0,0.0
hasdescription,"born enslaved. free before 13th amendment. escaped slavery, co-authored an autobiography with his brother, lewis clarke, and settled in canada west to escape the reach of the fugitive slave act, and was honored in a state funeral upon his death in kentucky .",has_race_orcolor,race_orcolor,40,0.5982142857142857,8,0.5015856236786469,0.0,0.0
hasdescription,"born enslaved. free before 13th amendment. escaped slavery, co-authored an autobiography with his brother, lewis clarke, and settled in canada west to escape the reach of the fugitive slave act, and was honored in a state funeral upon his death in kentucky .",has_race_orcolor,african-american,40,0.5982142857142857,10,0.5206718346253231,0.0,0.0
hasdescription,"born enslaved. free before 13th amendment. escaped slavery, co-authored an autobiography with his brother, lewis clarke, and settled in canada west to escape the reach of the fugitive slave act, and was honored in a state funeral upon his death in kentucky .",has_race_orcolor,race_orcolor,40,0.5982142857142857,8,0.5015856236786469,0.0,0.0
hasdescription,"born enslaved. free before 13th amendment. escaped slavery, co-authored an autobiography with his brother, lewis clarke, and settled in canada west to escape the reach of the fugitive slave act, and was honored in a state funeral upon his death in kentucky .",has_race_orcolor,african-american,40,0.5982142857142857,10,0.5206718346253231,0.0,0.0
hasdescription,"born enslaved. free before 13th amendment. escaped slavery, co-authored an autobiography with his brother, lewis clarke, and settled in canada west to escape the reach of the fugitive slave act, and was honored in a state funeral upon his death in kentucky .",has_race_orcolor,race_orcolor,40,0.5982142857142857,8,0.5015856236786469,0.0,0.0
hasdescription,"born enslaved. free before 13th amendment. escaped slavery, co-authored an autobiography with his brother, lewis clarke, and settled in canada west to escape the reach of the fugitive slave act, and was honored in a state funeral upon his death in kentucky .",has_race_orcolor,african-american,40,0.5982142857142857,10,0.5206718346253231,0.0,0.0
hasdescription,"born enslaved. free before 13th amendment. escaped slavery, co-authored an autobiography with his brother, lewis clarke, and settled in canada west to escape the reach of the fugitive slave act, and was honored in a state funeral upon his death in kentucky .",has_race_orcolor,race_orcolor,40,0.5982142857142857,8,0.5015856236786469,0.0,0.0
hasdescription,"born enslaved. free before 13th amendment. escaped slavery, co-authored an autobiography with his brother, lewis clarke, and settled in canada west to escape the reach of the fugitive slave act, and was honored in a state funeral upon his death in kentucky .",has_race_orcolor,african-american,40,0.5982142857142857,10,0.5206718346253231,0.0,0.0
hasdescription,"born enslaved. free before 13th amendment. escaped slavery, co-authored an autobiography with his brother, lewis clarke, and settled in canada west to escape the reach of the fugitive slave act, and was honored in a state funeral upon his death in kentucky .",has_race_orcolor,race_orcolor,40,0.5982142857142857,8,0.5015856236786469,0.0,0.0
hasdescription,"born enslaved. free before 13th amendment. escaped slavery, co-authored an autobiography with his brother, lewis clarke, and settled in canada west to escape the reach of the fugitive slave act, and was honored in a state funeral upon his death in kentucky .",has_race_orcolor,african-american,40,0.5982142857142857,10,0.5206718346253231,0.0,0.0
hasdescription,"born enslaved. free before 13th amendment. escaped slavery, co-authored an autobiography with his brother, lewis clarke, and settled in canada west to escape the reach of the fugitive slave act, and was honored in a state funeral upon his death in kentucky .",has_race_orcolor,race_orcolor,40,0.5982142857142857,8,0.5015856236786469,0.0,0.0
hasdescription,"born enslaved. free before 13th amendment. escaped slavery, co-authored an autobiography with his brother, lewis clarke, and settled in canada west to escape the reach of the fugitive slave act, and was honored in a state funeral upon his death in kentucky .",has_race_orcolor,african-american,40,0.5982142857142857,10,0.5206718346253231,0.0,0.0
hasdescription,"born enslaved. free before 13th amendment. escaped slavery, co-authored an autobiography with his brother, lewis clarke, and settled in canada west to escape the reach of the fugitive slave act, and was honored in a state funeral upon his death in kentucky .",has_race_orcolor,race_orcolor,40,0.5982142857142857,8,0.5015856236786469,0.0,0.0
hasdescription,"born enslaved. free before 13th amendment. escaped slavery, co-authored an autobiography with his brother, lewis clarke, and settled in canada west to escape the reach of the fugitive slave act, and was honored in a state funeral upon his death in kentucky .",has_race_orcolor,african-american,40,0.5982142857142857,10,0.5206718346253231,0.0,0.0
hasdescription,"born enslaved. free before 13th amendment. escaped slavery, co-authored an autobiography with his brother, lewis clarke, and settled in canada west to escape the reach of the fugitive slave act, and was honored in a state funeral upon his death in kentucky .",has_race_orcolor,race_orcolor,40,0.5982142857142857,8,0.5015856236786469,0.0,0.0
hasdescription,"born enslaved. free before 13th amendment. escaped slavery, co-authored an autobiography with his brother, lewis clarke, and settled in canada west to escape the reach of the fugitive slave act, and was honored in a state funeral upon his death in kentucky .",has_race_orcolor,african-american,40,0.5982142857142857,10,0.5206718346253231,0.0,0.0
hasdescription,"born enslaved. free before 13th amendment. escaped slavery, co-authored an autobiography with his brother, lewis clarke, and settled in canada west to escape the reach of the fugitive slave act, and was honored in a state funeral upon his death in kentucky .",has_race_orcolor,race_orcolor,40,0.5982142857142857,8,0.5015856236786469,0.0,0.0
hasdescription,"born enslaved. free before 13th amendment. escaped slavery, co-authored an autobiography with his brother, lewis clarke, and settled in canada west to escape the reach of the fugitive slave act, and was honored in a state funeral upon his death in kentucky .",has_race_orcolor,african-american,40,0.5982142857142857,10,0.5206718346253231,0.0,0.0
hasdescription,"born enslaved. free before 13th amendment. escaped slavery, co-authored an autobiography with his brother, lewis clarke, and settled in canada west to escape the reach of the fugitive slave act, and was honored in a state funeral upon his death in kentucky .",has_race_orcolor,race_orcolor,40,0.5982142857142857,8,0.5015856236786469,0.0,0.0
hasdescription,"born enslaved. free before 13th amendment. escaped slavery, co-authored an autobiography with his brother, lewis clarke, and settled in canada west to escape the reach of the fugitive slave act, and was honored in a state funeral upon his death in kentucky .",has_race_orcolor,african-american,40,0.5982142857142857,10,0.5206718346253231,0.0,0.0
hasdescription,"born enslaved. free before 13th amendment. escaped slavery, co-authored an autobiography with his brother, lewis clarke, and settled in canada west to escape the reach of the fugitive slave act, and was honored in a state funeral upon his death in kentucky .",has_race_orcolor,race_orcolor,40,0.5982142857142857,8,0.5015856236786469,0.0,0.0
hasdescription,"born enslaved. free before 13th amendment. escaped slavery, co-authored an autobiography with his brother, lewis clarke, and settled in canada west to escape the reach of the fugitive slave act, and was honored in a state funeral upon his death in kentucky .",has_race_orcolor,african-american,40,0.5982142857142857,10,0.5206718346253231,0.0,0.0
hasdescription,"born enslaved. free before 13th amendment. escaped slavery, co-authored an autobiography with his brother, lewis clarke, and settled in canada west to escape the reach of the fugitive slave act, and was honored in a state funeral upon his death in kentucky .",has_race_orcolor,race_orcolor,40,0.5982142857142857,8,0.5015856236786469,0.0,0.0
hasdescription,"born enslaved. free before 13th amendment. escaped slavery, co-authored an autobiography with his brother, lewis clarke, and settled in canada west to escape the reach of the fugitive slave act, and was honored in a state funeral upon his death in kentucky .",garrard,"clarke, african-american) 2. has_race_or_color(agent, race_or_color): has_race_or_color(lewis garrard clarke, african-american) 3. has_race_or_color(agent, race_or_color): has_race_or_color(lewis garrard clarke, african-american) 4. has_race_or_color(agent, race_or_color): has_race_or_color(lewis garrard clarke, african-american) 5. has_race_or_color(agent, race_or_color): has_race_or_color(lewis garrard clarke, african-american) 6. has_race_or_color(agent, race_or_color): has_race_or_color(lewis garrard clarke, african-american) 7. has_race_or_color(agent, race_or_color): has_race_or_color(lewis garrard clarke, african-american) 8. has_race_or_color(agent, race_or_color): has_race_or_color(lewis garrard clarke, african-american) 9. has_race_or_color(agent, race_or_color): has_race_or_color(lewis garrard clarke, african-american) 10. has_race_or_color(agent, race_or_color): has_race_or_color(lewis garrard clarke, african-american) 11. has_race_or_color(agent, race_or_color): has_race_or_color(lewis garrard clarke, african-american) 12. has_race_or_color(agent, race_or_color): has_race_or_color(lewis garrard clarke, african-american) 13. has_race_or_color(agent, race_or_color): has_race_or_color(lewis garrard clarke, african-american) 14. has_race_or_color(agent, race_or_color): has_race_or_color(lewis garrard clarke, african-american) 15. has_race_or_color(agent, race_or_color): has_race_or_color(lewis garrard clarke, african-american) 16. has_race_or_color(agent, race_or_color): has_race_or_color(lewis garrard clarke, african-american) 17. has_race_or_color(agent, race_or_color): has_race_or_color(lewis garrard clarke, african-american) 18. has_race_or_color(agent, race_or_color): has_race_or_color(lewis garrard clarke, african-american) 19. has_race_or_color(agent, race_or_color): has_race_or_color(lewis garrard clarke, african-american) 20. has_race_or_color(agent, race_or_color): has_race_or_color(lewis garrard clarke, african-american) 21. has_race_or_color(agent, race_or_color): has_race_or_color(lewis garrard clarke, african-american) 22. has_race_or_color(agent, race_or_color): has_race_or_color(lewis garrard clarke, african-american) 23. has_race_or_color(agent, race_or_color): has_race_or_color(lewis garrard clarke, african-american) 24. has_race_or_color(agent, race_orcolor): has_race_or_color(lewis garrard clarke, african-american) 25. has_race_or_color(agent, race_orcolor): has_race_orcolor(lewis garrard clarke, african-american) 26. has_race_orcolor(agent, race_orcolor): has_race_orcolor(lewis garrard clarke, african-american) 27. has_race_orcolor(agent, race_orcolor): has_race_orcolor(lewis garrard clarke, african-american) 28. has_race_orcolor(agent, race_orcolor): has_race_orcolor(lewis garrard clarke, african-american) 29. has_race_orcolor(agent, race_orcolor): has_race_orcolor(lewis garrard clarke, african-american) 30. has_race_orcolor(agent, race_orcolor): has_race_orcolor(lewis garrard clarke, african-american) 31. has_race_orcolor(agent, race_orcolor): has_race_orcolor(lewis garrard clarke, african-american) 32. has_race_orcolor(agent, race_orcolor): has_race_orcolor(lewis garrard clarke, african-american) 33. has_race_orcolor(agent, race_orcolor): has_race_orcolor(lewis garrard clarke, african-american) 34. has_race_orcolor(agent, race_orcolor): has_race_orcolor(lewis garrard clarke, african-american) 35. has_race_orcolor(agent, race_orcolor): has_race_orcolor(lewis garrard clarke, african-american) 36. has_race_orcolor(agent, race_orcolor): has_race_orcolor(lewis garrard clarke, african-american) 37. has_race_orcolor(agent, race_orcolor): has_race_orcolor(lewis garrard clarke, african-american) 38. has_race_orcolor(agent, race_orcolor): has_race_orcolor(lewis garrard clarke, african-american) 39. has_race_orcolor(agent, race_orcolor): has_race_orcolor(lewis garrard clarke, african-american) 40. has_race_orcolor(agent, race_orcolor): has_race_orcolor(lewis garrard clarke, african-american) 41. has_race_orcolor(agent, race_orcolor): has_race_orcolor(lewis garrard clarke, african-american) 42. has_race_orcolor(agent, race_orcolor): has_race_orcolor(lewis garrard clarke, african-american) 43. has_race_orcolor(agent, race_orcolor): has_race_orcolor(lewis garrard clarke, african-american) 44. has_race_orcolor(agent, race_orcolor): has_race_orcolor(lewis garrard clarke, african-american) 45. has_race_orcolor(agent, race_orcolor): has_race_orcolor(lewis garrard clarke, african-american) 46. has_race_orcolor(agent, race_orcolor): has_race_orcolor(lewis garrard clarke, african-american) 47. has_race_orcolor(agent, race_orcolor): has_race_orcolor(lewis garrard clarke, african-american) 48. has_race_orcolor(agent, race_orcolor): has_race_orcolor(lewis garrard clarke, african-american) 49. has_race_orcolor(agent, race_orcolor): has_race_orcolor(lewis garrard clarke, african-american) 50. has_race_orcolor(agent, race_orcolor): has_race_orcolor(lewis garrard clarke, african-american) 51. has_race_orcolor(agent, race_orcolor): has_race_orcolor(lewis garrard clarke, african-american) 52. has_race_orcolor(agent, race_orcolor): has_race_orcolor(lewis garrard clarke, african-american) 53. has_race_orcolor(agent, race_orcolor): has_race_orcolor(lewis garrard clarke, african-american) 54. has_race_orcolor(agent, race_orcolor): has_race_orcolor(lewis garrard clarke, african-american) 55. has_race_orcolor(agent, race_orcolor): has_race_orcolor(lewis garrard clarke, african-american) 56. has_race_orcolor(agent, race_orcolor): has_race_orcolor(lewis garrard clarke, african-american) 57. has_race_orcolor(agent, race_orcolor): has_race_orcolor(lewis garrard clarke, african-american) 58. has_race_orcolor(agent, race_orcolor): has_race_or",19,0.43650793650793646,8,0.49858387889493344,0.0,0.05025788754629304
